Protein IDs	Pvalue	FC	FDR	Qvalue	#NAME?	t-test Difference	Peptide counts (unique)
YAL003W	0.394548844	1.084844375	0	0	0.403899225	0.117488098	13
YAL005C	0.154157724	0.831607155	0	0	0.812034711	-0.266025925	10
YAL012W	0.573019433	0.974435415	0	0	0.241830649	-0.037361526	10
YAL016W	0.842137229	1.079154501	0	0	0.074617133	0.109901428	4
YAL035W	0.847507137	1.009793975	0	0	0.071856636	0.014060974	24
YAL036C	0.277562457	3.541387912	0	0	0.556639277	1.82431488	7
YAL038W	0.266146528	0.927057215	0	0	0.574879194	-0.109269714	33
YAL044C	0.860199887	0.987151266	0	0	0.065400619	-0.018656921	5
YAL059W	0.086893322	1.483453998	0	0	1.061013598	0.56896019	4
YAR002W	0.112096812	0.7049407	0	0	0.95040674	-0.504426193	8
YAR007C	0.161502219	1.309043977	0	0	0.791821505	0.388513565	6
YAR015W	0.108381133	0.908829474	0	0	0.965046314	-0.137918472	10
YDR224C;YBL002W	0.003585673	0.068544976	0	0	2.445429335	-3.866805267	5
YDR225W;YBL003C	0.680594549	1.035854178	0	0	0.167111534	0.050820923	3
YBL007C	0.718510809	1.054284748	0	0	0.143566694	0.076264572	8
YBL024W	0.664066851	1.031645589	0	0	0.177788198	0.044947433	21
YBR084C-A;YBL027W	0.441205354	0.959434938	0	0	0.355359226	-0.059743118	13
YBL036C	0.412880397	0.940416654	0	0	0.384175736	-0.088628006	8
YBL039C	0.151638927	1.320702727	0	0	0.819189297	0.401305771	13
YBL041W	0.555125038	1.338347968	0	0	0.255609184	0.420453262	5
YBL045C	0.674055327	1.219972995	0	0	0.171304455	0.286849213	9
YBL047C	0.149093288	0.872904864	0	0	0.826541908	-0.196103668	25
YBL050W	0.037570843	1.740873257	0	0	1.425149059	0.799811172	7
YBL051C	0.798071911	1.085742584	0	0	0.097957974	0.118682098	5
YBL058W	0.426344569	0.912993667	0	0	0.370239265	-0.131323242	12
YBL064C	0.609632557	1.161253531	0	0	0.214931848	0.215682983	5
YER102W;YBL072C	0.741083364	1.037239643	0	0	0.130132936	0.052749252	8
YBL076C	0.396617846	1.026113991	0	0	0.401627748	0.03719101	49
YER117W;YBL087C	0.32057027	0.918318683	0	0	0.494076758	-0.122933197	7
YBL092W	0.235307774	1.077840435	0	0	0.628363725	0.108143616	8
YBL099W	0.019370419	1.247695708	0	0	1.712860981	0.319266129	16
YNL030W;YBR009C	0.401349374	1.689303479	0	0	0.39647741	0.756428528	6
YBR011C	0.088769465	0.880726031	0	0	1.051736398	-0.183234787	15
YBR025C	0.583382338	0.942552828	0	0	0.234046723	-0.085354614	21
YBR026C	0.982352817	0.998127584	0	0	0.007732505	-0.002703857	7
YBR031W	0.21895614	0.874324338	0	0	0.659642872	-0.193759537	2
YBR035C	0.5643343	0.93373267	0	0	0.248463553	-0.098918533	8
YDR025W;YBR048W	0.463181179	0.917094974	0	0	0.334249096	-0.124856949	12
YBR049C	0.707355345	1.124406653	0	0	0.150362361	0.169163895	8
YBR053C	0.846192973	0.922385131	0	0	0.072530585	-0.116558838	4
YBR072W	0.058300499	2.137167633	0	0	1.234327732	1.095700073	4
YBR078W	0.033338206	0.787542168	0	0	1.477057778	-0.344570923	5
YBR079C	0.269328219	1.047412744	0	0	0.569718141	0.066830063	30
YBR080C	0.532630203	0.751082945	0	0	0.27357421	-0.412955856	12
YBR082C;YDR059C	0.128474663	6.574274014	0	0	0.891182513	2.716831589	3
YBR084W	0.396578533	1.089617107	0	0	0.401670799	0.123821259	7
YBR088C	0.650295355	0.968591103	0	0	0.186889348	-0.046040344	11
YBR092C;YBR093C;YAR071W;YHR215W	0.73165276	0.806278484	0	0	0.135694985	-0.310649872	5
YBR095C	0.761362518	1.079167056	0	0	0.118408507	0.109918213	3
YBR101C	0.136476121	0.544604177	0	0	0.864943328	-0.876720047	5
YBR109C	0.162511425	2.362556475	0	0	0.789116101	1.240348816	6
YBR112C	0.684324239	0.967793649	0	0	0.164738077	-0.047228622	11
YBR115C	0.853749083	1.019326958	0	0	0.06866975	0.027616882	22
YPR080W;YBR118W	0.637272469	0.964745331	0	0	0.195674843	-0.051779938	25
YBR121C	0.356418305	1.046820789	0	0	0.448039999	0.066014481	35
YBR126C	0.991529029	0.999113018	0	0	0.003694567	-0.001280212	7
YBR127C	0.945593541	1.00488479	0	0	0.024295503	0.007030106	27
YBR143C	0.468401415	0.931883303	0	0	0.329381802	-0.101778793	11
YBR149W	0.76428902	1.04234906	0	0	0.11674238	0.059838486	9
YBR164C	0.68695719	0.820364825	0	0	0.163070326	-0.28566246	5
YBR169C	0.761680808	1.072695168	0	0	0.118226987	0.101240158	5
YPL090C;YBR181C	0.306248747	1.18825756	0	0	0.513925679	0.24884758	10
YBR196C	0.193562138	0.926641327	0	0	0.71317959	-0.109917068	19
YBR218C	0.738733211	0.828708582	0	0	0.131512376	-0.271063232	6
YBR221C	0.182356528	1.146425648	0	0	0.739078684	0.197142792	7
YBR234C	0.300538613	0.900488689	0	0	0.522099722	-0.15121994	8
YBR244W	0.924088243	0.986399301	0	0	0.034286555	-0.019756317	4
YBR248C	0.774566488	0.978991066	0	0	0.110941297	-0.030632401	18
YBR249C	0.615872343	0.964250833	0	0	0.210509298	-0.052519608	12
YBR252W	0.326541863	0.669355194	0	0	0.486061134	-0.579156113	3
YBR263W	0.329485647	1.083385584	0	0	0.4821635	0.115546799	16
YBR279W	0.396238646	0.668210889	0	0	0.402043169	-0.581624603	8
YBR286W	0.377534792	0.89272096	0	0	0.42304302	-0.163718796	7
YCL009C	0.771329435	1.040770171	0	0	0.112760095	0.05765152	7
YCL017C	0.229630956	1.926031647	0	0	0.638969566	0.945631409	7
YCL028W	0.197336732	0.489044161	0	0	0.704792068	-1.031963348	2
YCL030C	0.07202311	0.858454614	0	0	1.142528131	-0.220186234	23
YCL035C	0.170151953	1.184049191	0	0	0.769163061	0.243729019	5
YCL037C	0.824951217	0.97506868	0	0	0.083571732	-0.036424255	11
YCL040W	0.886736162	0.973677689	0	0	0.05220558	-0.03848381	13
YCL043C	0.865966404	0.985285193	0	0	0.062498956	-0.021386719	21
YCL050C	0.407106422	1.101454008	0	0	0.390292047	0.139409256	16
YCL057W	0.110756111	1.168262498	0	0	0.955632301	0.224364471	11
YCR002C	0.832249487	0.975076672	0	0	0.079746464	-0.03641243	7
YCR012W	0.868362679	0.991772135	0	0	0.06129885	-0.011919403	32
YCR028C-A	0.104108669	2.595202047	0	0	0.982513107	1.375846863	4
YCR051W	0.001467976	4.191993529	0	0	2.833280899	2.06763649	4
YCR053W	0.5739061	1.06676744	0	0	0.241159159	0.093245697	24
YCR072C	0.642090803	1.171019332	0	0	0.192403551	0.227764893	6
YCR073W-A	0.819779431	1.084778976	0	0	0.086302983	0.117401123	3
YCR084C	0.964769864	0.9960764	0	0	0.015576271	-0.005671692	15
YCR088W	0.305545784	0.939856342	0	0	0.514923704	-0.089487839	20
YCR093W	0.665166505	0.960498991	0	0	0.177069628	-0.058143997	6
YDL007W	0.29968976	0.880991551	0	0	0.523328095	-0.182799911	10
YDL014W	0.074580046	1.356169072	0	0	1.127377353	0.439537048	8
YDL022W	0.839469924	0.983964181	0	0	0.075994859	-0.023322296	9
YDL029W	0.062673104	1.156802759	0	0	1.202918799	0.210142899	6
YDL040C	0.431348273	1.092772446	0	0	0.365171936	0.127993011	18
YDL047W	0.034141053	0.386992109	0	0	1.46672309	-1.369623947	7
YDL051W	0.859865744	1.027067308	0	0	0.065569352	0.038530731	8
YDL055C	0.576214478	0.96808721	0	0	0.239415834	-0.046791077	14
YDL060W	0.409439232	0.723475378	0	0	0.387810546	-0.466984177	7
YDL061C	0.540572736	1.122485594	0	0	0.267145862	0.16669693	5
YDL066W;YNL009W	0.709147399	1.02821099	0	0	0.149263485	0.040136337	19
YDL081C	0.575820061	1.821883173	0	0	0.239713209	0.86543045	4
YMR143W;YDL083C	0.84392419	1.017960843	0	0	0.073696564	0.025682068	12
YDL084W	0.121835301	0.925185842	0	0	0.914226858	-0.112184906	19
YDL086W	0.58861893	1.048450994	0	0	0.230165775	0.06825943	3
YDL097C	0.225976223	0.909241695	0	0	0.645937255	-0.137264252	9
YDL103C	0.020151666	1.25605511	0	0	1.695689033	0.328899765	13
YDL112W	0.958284932	0.996086935	0	0	0.018505341	-0.005656433	11
YDL122W	0.245280951	0.858643716	0	0	0.610336178	-0.219868469	7
YDL124W	0.051479569	0.800320997	0	0	1.288365097	-0.321349335	17
YDL125C	0.637749821	1.063365765	0	0	0.195349655	0.088637924	6
YDL126C	0.094428269	1.081220943	0	0	1.02489797	0.112661362	32
YDL130W	0.016113084	1.356904024	0	0	1.792821339	0.44031868	2
YDL131W	0.511492949	0.645088656	0	0	0.291160349	-0.632430649	3
YDL132W	0.223198578	0.692733154	0	0	0.651308577	-0.529628372	5
YDL135C	0.894296539	1.014095472	0	0	0.04851845	0.020193481	7
YDL191W;YDL136W	0.635529141	0.95162714	0	0	0.196864531	-0.071531677	9
YDL140C	0.396939993	1.283409812	0	0	0.401275143	0.359981918	17
YDL141W	0.568024662	0.860554547	0	0	0.245632808	-0.216661453	8
YDL143W	0.653802687	1.040500515	0	0	0.184553299	0.057277679	8
YDL145C	0.520183241	0.950656115	0	0	0.283843644	-0.073004532	31
YDL147W	0.395903495	1.073077294	0	0	0.402410664	0.101753998	9
YDL160C	0.376043535	0.876689076	0	0	0.424761873	-0.189862823	8
YDL168W	0.368175059	0.905768073	0	0	0.433945635	-0.142786407	9
YDL171C	0.359521402	1.039483605	0	0	0.444275251	0.055867004	46
YDL178W	0.07526698	1.776319369	0	0	1.123395507	0.828890991	6
YDL182W	0.083528502	0.770030431	0	0	1.078165307	-0.377012634	4
YDL185W	0.510125218	0.963743082	0	0	0.292323207	-0.053279495	49
YDL190C	0.530497273	0.917127468	0	0	0.275316844	-0.124805832	9
YDL192W;YDL137W	0.241435568	1.130549137	0	0	0.617198749	0.177023697	7
YDL195W	0.762462879	1.024858008	0	0	0.117781295	0.035424042	18
YDL205C	0.562971632	0.919528465	0	0	0.249513489	-0.121033859	3
YDL225W	0.953899697	1.009076522	0	0	0.020497289	0.013035583	7
YDL226C	0.840784025	0.983258581	0	0	0.075315549	-0.024357224	11
YDL229W	0.156795089	0.831280683	0	0	0.804667545	-0.266592407	2
YDL236W	0.317098913	1.130040167	0	0	0.498805247	0.176374054	11
YDR001C;YBR001C	0.305231304	0.94020482	0	0	0.515370927	-0.088953018	10
YDR012W	0.333808394	1.7911606	0	0	0.476502746	0.840894699	2
YDR019C	0.328433168	0.836220645	0	0	0.483552991	-0.258044434	4
YDR023W	0.293517105	1.04572249	0	0	0.532366585	0.064500046	25
YDR035W	0.708973412	0.961302125	0	0	0.149370051	-0.056938171	8
YDR037W	0.862338647	1.014646921	0	0	0.06432215	0.020977783	24
YDR050C	0.048014597	0.855210744	0	0	1.318626714	-0.225648117	15
YDR051C	0.379620445	1.219999769	0	0	0.420650406	0.286880875	2
YDR064W	0.789012661	0.974912709	0	0	0.102916028	-0.036655045	11
YDR071C	0.489680796	0.91335392	0	0	0.310086927	-0.130754089	10
YDR074W	0.458348533	0.950440466	0	0	0.338804154	-0.073331833	10
YDR091C	0.642122668	0.981723511	0	0	0.192381999	-0.026611328	17
YDR092W	0.764087919	0.985648169	0	0	0.116856667	-0.020855331	2
YDR098C	0.603503064	1.432244065	0	0	0.219320521	0.518277359	3
YDR099W	0.447108345	0.746534594	0	0	0.349587224	-0.421718979	4
YDR101C	0.497457193	0.954175725	0	0	0.303244285	-0.067673111	17
YDR120C	0.270293318	0.615310859	0	0	0.56816469	-0.70061264	8
YDR127W	0.756270665	1.018210119	0	0	0.121322745	0.026035309	41
YDR129C;REV__YDR129C	0.439824154	0.958821461	0	0	0.356720924	-0.060665894	19
YDR148C	0.669067265	0.904270532	0	0	0.174530218	-0.145173645	3
YDR152W	0.248600568	1.615561504	0	0	0.604497884	0.692035675	3
YDR155C	0.287305342	0.954906155	0	0	0.5416563	-0.066569138	10
YDR158W	0.409915786	1.03559182	0	0	0.387305356	0.050455475	19
YDR165W	0.768777331	0.872092795	0	0	0.114199431	-0.197446442	5
YDR168W	0.637970766	0.958871154	0	0	0.195199222	-0.060591125	8
YDR170C	0.994879377	1.001018779	0	0	0.002229572	0.00146904	18
YDR172W	0.555986541	0.944261565	0	0	0.254935722	-0.082741547	13
YDR177W	0.0792574	0.848174858	0	0	1.100960176	-0.237566376	7
YDR188W	0.722983381	0.976612969	0	0	0.140871686	-0.034141159	10
YDR190C	0.524202201	1.097354291	0	0	0.28050116	0.134029388	14
YDR194C	0.003729048	1.665986781	0	0	2.428401973	0.736376953	7
YDR211W	0.229960361	1.589606736	0	0	0.638347018	0.668669891	7
YDR212W	0.144311933	0.8444617	0	0	0.840697756	-0.243896103	16
YDR214W	0.824778673	0.978636493	0	0	0.083662578	-0.031155014	11
YDR226W	0.788153758	1.036674271	0	0	0.103389049	0.051962662	13
YDR232W	0.592175885	0.917972977	0	0	0.227549282	-0.12347641	2
YDR233C	0.397530966	1.547208131	0	0	0.400629036	0.629667282	5
YDR234W	0.862608037	1.021810417	0	0	0.0641865	0.031127548	11
YDR238C	0.844555702	1.034937857	0	0	0.073371701	0.049544144	20
YDR258C	0.099013189	1.71073041	0	0	1.004306951	0.774612427	12
YDR272W	0.779529082	0.97304713	0	0	0.108167678	-0.039418411	9
YDR293C	0.26236491	0.892946887	0	0	0.58109425	-0.163353729	12
YDR298C	0.823113955	0.919059331	0	0	0.084540035	-0.121770096	6
YDR299W	0.978831702	1.009587334	0	0	0.009291973	0.013765717	6
YDR300C	0.362065875	1.362561271	0	0	0.441212405	0.446321106	6
YDR304C	0.403692341	1.228980224	0	0	0.39394949	0.2974617	6
YDR321W	0.385022456	0.909642077	0	0	0.41451394	-0.136629105	9
YDR341C	0.29082346	0.930166713	0	0	0.536370563	-0.104438782	28
YDR346C	0.188808149	0.888901627	0	0	0.723979264	-0.169904327	9
YDR347W	0.041882187	1.721546943	0	0	1.377970646	0.783705521	6
YDR353W	0.856672955	1.012754846	0	0	0.067184944	0.018284988	11
YDR361C	0.447645788	1.277138005	0	0	0.349065497	0.352914429	5
YDR365C	0.327876342	0.7827157	0	0	0.484289919	-0.353439713	5
YDR368W	0.632920326	0.94456522	0	0	0.198650957	-0.082277679	7
YDR381W	0.837043874	1.023717786	0	0	0.077251777	0.033818054	6
YDR382W	0.063638862	1.539637824	0	0	1.196277593	0.622591019	6
YOR133W;YDR385W	0.232654717	1.04753544	0	0	0.633288138	0.066999054	43
YDR388W	0.850938873	0.96846997	0	0	0.070101636	-0.046220779	3
YDR394W	0.485263442	1.265187223	0	0	0.314022426	0.339350891	4
YDR395W	0.041227714	0.435754678	0	0	1.384810746	-1.198411942	9
YDR399W	0.217830659	0.609944886	0	0	0.661880994	-0.713249207	5
YEL054C;YDR418W	0.975604902	1.002424974	0	0	0.010726026	0.003494263	7
YDR427W	0.564290784	1.052381644	0	0	0.248497043	0.07365799	9
YDR429C	0.1965183	1.25200283	0	0	0.706597002	0.324237823	8
YDR430C	0.005496774	3.667169568	0	0	2.259892155	1.874666977	12
YDR432W	0.561481635	1.847596697	0	0	0.250664444	0.885649872	6
YML024W;YDR447C	0.026012783	0.832622342	0	0	1.58481319	-0.264265823	9
YML026C;YDR450W	0.854153266	0.983569315	0	0	0.068464194	-0.023901367	11
YDR454C	0.27618995	0.926548225	0	0	0.558792129	-0.110062027	10
YDR465C	0.936065572	0.966673717	0	0	0.028693728	-0.048899078	5
YHR010W;YDR471W	0.453658978	0.94118259	0	0	0.34327049	-0.087453461	7
YDR477W	0.52649335	1.286619001	0	0	0.27860711	0.3635849	8
YDR483W	0.809859501	0.972069669	0	0	0.091590318	-0.040868378	4
YDR487C	0.106080876	1.23432343	0	0	0.974362904	0.303720474	11
YDR496C	0.968677331	1.002864268	0	0	0.013820863	0.004126358	7
YDR500C	0.53771367	0.706862267	0	0	0.269448922	-0.500498962	4
YDR502C	0.623649308	1.063815168	0	0	0.205059555	0.089247513	9
YDR510W	0.395318005	0.517009259	0	0	0.403053405	-0.951737976	5
YDR513W	0.494211248	0.589412401	0	0	0.306087374	-0.762650681	6
YDR519W	0.426482278	0.705351824	0	0	0.37009901	-0.503585052	4
YDR533C	0.430029348	1.234281003	0	0	0.366501904	0.303670883	6
YEL022W	0.174436953	0.746736161	0	0	0.758361509	-0.421329498	3
YEL026W	0.320182176	0.587913637	0	0	0.494602848	-0.766323853	4
YEL032W	0.257900777	0.321818939	0	0	0.58854735	-1.635678864	10
YEL034W;YJR047C	0.916849322	1.008606504	0	0	0.037702032	0.012363434	9
YEL037C	0.696445546	1.060215998	0	0	0.157112834	0.084358215	8
YEL038W	0.15702254	0.543563036	0	0	0.804038002	-0.879480743	5
YEL042W	0.546318078	1.354925332	0	0	0.262554429	0.438213348	7
YEL046C	0.159372979	0.895220666	0	0	0.797585311	-0.159684753	13
YEL047C	0.492832012	0.890110311	0	0	0.30730109	-0.167943954	19
YEL055C	0.686106948	1.147218612	0	0	0.163608183	0.198140335	9
YEL058W	0.916090753	1.009726425	0	0	0.038061501	0.013964462	12
YEL071W	0.394115319	1.071237984	0	0	0.404376684	0.099279022	18
YER003C	0.796013569	1.033737765	0	0	0.099079529	0.047870255	10
YER004W	0.958421659	0.991134575	0	0	0.018443381	-0.012847137	2
YER006W	0.773059391	0.976515879	0	0	0.11178714	-0.034284592	17
YER007C-A	0.795924206	0.865700288	0	0	0.099128287	-0.208060455	3
YER009W	0.679041107	1.028361075	0	0	0.168103934	0.040346909	3
YER012W	0.970919764	0.984409441	0	0	0.012816658	-0.022669601	3
YER021W	0.141235419	0.853224014	0	0	0.850056376	-0.229003525	14
YER023W	0.791894717	1.028792965	0	0	0.101332554	0.040952682	6
YER025W	0.972683038	0.997703028	0	0	0.012028658	-0.003317642	20
YER031C;YGL210W	0.583188093	1.08750615	0	0	0.234191352	0.12102356	7
YER036C	0.970695737	1.002055024	0	0	0.012916878	0.002961731	15
YER043C	0.533238873	0.953983494	0	0	0.273078198	-0.067963791	26
YER048C	0.599620769	0.75554972	0	0	0.222123333	-0.404401398	6
YER048W-A	0.395591547	0.70520823	0	0	0.402752998	-0.503878784	3
YER049W	0.733919581	1.044171899	0	0	0.134351525	0.062359238	15
YER052C	0.737874599	1.278276541	0	0	0.13201744	0.354199982	10
YER055C	0.607616695	0.964451254	0	0	0.216370302	-0.052219772	12
YIL052C;YER056C-A	0.018014609	0.81411983	0	0	1.74437517	-0.296686935	3
YER057C	0.972513723	1.004074181	0	0	0.012104262	0.00586586	6
YER062C	0.044680279	0.868217764	0	0	1.349884119	-0.203871155	6
YER068W	0.35544385	0.859846496	0	0	0.449228996	-0.217848969	3
YER069W	0.346400773	1.098842642	0	0	0.460421148	0.135984802	10
YER070W;YIL066C	0.488159641	0.944820506	0	0	0.311438129	-0.081887817	18
YER073W	0.727850564	1.024419915	0	0	0.137957777	0.034807205	15
YIL069C;YER074W	0.544635392	1.150409948	0	0	0.26389414	0.202148056	10
YER080W	0.210162549	2.051631709	0	0	0.677444673	1.036771774	13
YER086W	0.519891294	1.067969166	0	0	0.284087455	0.094869995	13
YER089C	0.808203082	0.960917878	0	0	0.092479498	-0.057514954	9
YER090W	0.715311919	1.043364635	0	0	0.145504539	0.061243439	15
YER091C	0.002154401	0.834804978	0	0	2.6666735	-0.260488892	39
YER094C	0.696133206	1.038925251	0	0	0.15730765	0.055091858	4
YER110C	0.435977141	0.971709638	0	0	0.360536281	-0.041402817	29
YER120W	0.469514945	0.831012567	0	0	0.328350579	-0.2670578	4
YER122C	0.781391984	1.047315815	0	0	0.107131048	0.066696548	8
YER125W	0.240599635	0.673950265	0	0	0.618705036	-0.569285965	12
YER127W	0.872974523	1.028069625	0	0	0.058998431	0.039937973	2
YGL189C;YER131W	0.038500206	0.598569282	0	0	1.41453695	-0.740409851	5
YER133W	0.071544275	3.514043609	0	0	1.145425114	1.813132095	6
YER136W	0.781386724	0.981468375	0	0	0.107133972	-0.026986313	11
YER151C	0.213281441	0.704721531	0	0	0.671046933	-0.504874802	4
YER152C	0.111684727	2.851264781	0	0	0.952006212	1.51160202	3
YER156C	0.93681752	0.989186948	0	0	0.028344996	-0.015684891	10
YER165W	0.302556782	1.040310422	0	0	0.519193108	0.057014084	24
YER168C	0.387083493	1.209675151	0	0	0.412195349	0.274619675	3
YER177W	0.348617029	1.37822121	0	0	0.457651402	0.462807465	4
YER178W	0.135795557	1.950606652	0	0	0.867114438	0.963922882	10
YFL010C	0.86761634	1.118518447	0	0	0.061672277	0.16158905	5
YFL014W	0.602799524	1.391696658	0	0	0.219827099	0.476844788	4
YFL018C	0.324262173	1.055540231	0	0	0.489103712	0.077981567	12
YFL022C	0.032830966	1.117193669	0	0	1.483716341	0.159879303	22
YFL034C-A	0.792546543	0.956320142	0	0	0.100975224	-0.064434433	3
YFL037W	0.522682017	0.958540342	0	0	0.281762442	-0.061088943	13
YFL039C;CON__P60712	0.733197405	1.014918733	0	0	0.134779081	0.021364212	20
YFL045C	0.288993144	1.082831133	0	0	0.53911246	0.114808273	16
YFR001W	0.31591913	0.70144013	0	0	0.500424075	-0.511608124	5
YFR004W	0.108995189	0.849143135	0	0	0.962592669	-0.235920334	7
YFR009W	0.112460951	0.865852065	0	0	0.948998249	-0.207807541	10
YFR010W	0.885719622	0.974887189	0	0	0.052703734	-0.03669281	9
YFR024C-A	0.362984475	1.248823517	0	0	0.440111949	0.320569611	5
YIL018W;YFR031C-A	0.908522412	1.010139537	0	0	0.041664355	0.014554596	13
YFR044C	0.283358102	0.900853536	0	0	0.547664365	-0.150635529	12
YFR050C	0.889854303	0.986423036	0	0	0.050681095	-0.019721603	3
YFR053C	0.03438678	0.812176371	0	0	1.463608493	-0.30013504	13
YGL008C;YPL036W	0.170531104	1.145742593	0	0	0.768196395	0.196282959	17
YGL009C	0.968593907	1.002866389	0	0	0.013858267	0.00412941	21
YGL011C	0.722700454	1.035702999	0	0	0.141041672	0.050610352	11
YGL026C	0.898127036	0.990035537	0	0	0.04666223	-0.014447784	26
YGL027C	0.550389492	1.294604381	0	0	0.259329866	0.372511292	10
YGL030W	0.809788756	1.03757073	0	0	0.091628258	0.053209686	6
YGL037C	0.039980409	4.624385609	0	0	1.398152765	2.209261703	5
YGL039W	0.058497923	0.555539692	0	0	1.232859556	-0.848038101	5
YGL040C	0.119704424	1.382400894	0	0	0.921889799	0.467176056	7
YGL043W	0.376831541	0.641847789	0	0	0.423852754	-0.639696884	7
YGL048C	0.645437955	1.048055745	0	0	0.1901455	0.067715454	7
YGL068W	8.25E-06	8.696675137	0	0	5.083673432	3.120463943	5
YGL076C;YPL198W	0.041972368	0.908777328	0	0	1.377036532	-0.138001251	16
YGL097W	0.977789123	1.004516323	0	0	0.009754798	0.006501007	5
YGL099W	0.875509656	1.073619369	0	0	0.05773906	0.102482605	8
YGL103W	0.028653882	0.708911465	0	0	1.542816528	-0.496322632	9
YGL105W	0.627217584	0.924833638	0	0	0.202581775	-0.112734222	9
YGL106W	0.439763571	1.070438099	0	0	0.35678075	0.09820137	12
YGL115W	0.882425226	0.957292902	0	0	0.054322085	-0.062967682	7
YGL120C	0.076139026	0.863818001	0	0	1.118392683	-0.211200714	7
YGL123W	0.686273854	0.969125751	0	0	0.163502547	-0.045244217	12
YGL125W	0.364365146	0.919129807	0	0	0.438463173	-0.12165947	7
YPL220W;YGL135W	0.81853308	0.976977142	0	0	0.086963764	-0.033603287	10
YGL137W	0.609827357	0.957658481	0	0	0.214793097	-0.06241684	25
YGL147C	0.771750873	0.957333656	0	0	0.112522871	-0.062906265	2
YGL148W	0.265458963	0.937740909	0	0	0.576002607	-0.092738724	15
YGL157W	0.547698294	1.338874289	0	0	0.261458612	0.421020508	9
YGL173C	0.036226395	1.223604497	0	0	1.440974887	0.291137314	27
YGL195W	0.300250631	1.075019245	0	0	0.522516071	0.104362488	39
YGL202W	0.801402806	1.013997605	0	0	0.096149141	0.020054245	16
YGL206C	0.585494651	0.959406018	0	0	0.232477068	-0.059786606	36
YGL207W	0.882958273	1.025049886	0	0	0.05405982	0.035694122	12
YGL221C	0.682315449	0.966113598	0	0	0.166014795	-0.04973526	11
YGL232W	0.723997145	0.906353117	0	0	0.140263147	-0.141854858	7
YGL234W	0.108709612	0.895048832	0	0	0.963732053	-0.1599617	24
YGL238W	0.422164256	0.913585793	0	0	0.37451854	-0.130387878	7
YGL242C	0.259146052	0.794891849	0	0	0.586455403	-0.33116951	4
YGL245W	0.818080067	1.016414327	0	0	0.087204189	0.023488617	35
YGL252C	0.198968868	1.490292062	0	0	0.70121487	0.575595093	4
YGL253W	0.603605342	1.039834929	0	0	0.219246925	0.056354523	23
YGR001C	0.765808331	0.898064741	0	0	0.115879913	-0.155108643	9
YGR008C	0.93560939	0.954585545	0	0	0.028905428	-0.067053604	2
YGR019W	0.116797437	1.456991054	0	0	0.932566688	0.54299202	6
YLR333C;YGR027C	0.574282268	0.530749797	0	0	0.240874593	-0.913896179	7
YGR034W	0.538487585	2.216960153	0	0	0.268824305	1.14858284	2
YGR037C	0.755987361	1.040858788	0	0	0.121485465	0.057774353	7
YGR054W	0.013437571	1.232744794	0	0	1.871679232	0.301874161	15
YGR061C	0.036963917	0.903505966	0	0	1.432222014	-0.146393967	34
YGR080W	0.209594444	2.017341024	0	0	0.678620234	1.012454987	5
YGR081C	0.245692859	0.623281987	0	0	0.609607467	-0.682043076	2
YGR083C	0.429310004	1.619706168	0	0	0.367228992	0.695732117	6
YPR102C;YGR085C	0.422047803	0.870347793	0	0	0.374638357	-0.200336075	9
YGR086C	0.764774008	0.971224153	0	0	0.11646688	-0.042123795	11
YGR090W	0.781177675	1.029525797	0	0	0.107250177	0.04197998	8
YGR094W	0.777028866	1.014436606	0	0	0.109562847	0.020678711	40
YGR103W	0.099162083	1.217585348	0	0	1.003654361	0.284022903	16
YGR116W	0.232364257	1.089515408	0	0	0.633830675	0.1236866	24
YPR132W;YGR118W	0.454264255	0.911575526	0	0	0.342691436	-0.133565903	4
YGR123C	0.390197839	1.066317635	0	0	0.408715141	0.092637253	7
YGR124W	0.943675901	0.989968785	0	0	0.025177136	-0.014545059	17
YGR130C	0.91029716	0.98455131	0	0	0.040816812	-0.0224617	8
YGR135W	0.428178535	1.083135817	0	0	0.368375108	0.115214157	11
YGR155W	0.038971462	0.869456485	0	0	1.409253307	-0.20181427	30
YGR159C	0.893867583	1.018129892	0	0	0.048726813	0.025921631	11
YGR162W	0.333147096	1.436776763	0	0	0.477363968	0.522835922	11
YGR167W	0.020342042	0.212518857	0	0	1.691605445	-2.234337234	6
YGR173W	0.352848024	0.792051714	0	0	0.45241231	-0.336333466	8
YGR180C	0.384446285	1.111851134	0	0	0.415164331	0.152963638	13
YGR181W	0.031999691	1.326006021	0	0	1.494854219	0.407087326	6
YGR184C	0.726294326	0.911026375	0	0	0.138887349	-0.134435272	7
YGR185C	0.757195291	0.961129297	0	0	0.120792096	-0.057197571	10
YGR186W	0.497624013	1.092555181	0	0	0.30309867	0.127706146	4
YGR192C	0.316742973	0.914447139	0	0	0.499293011	-0.12902832	9
YGR204W	0.977923441	1.001459046	0	0	0.009695144	0.002103424	28
YGR207C	0.185890608	1.622940721	0	0	0.730742553	0.698610306	7
YGR208W	0.479030657	1.34719539	0	0	0.319636692	0.429959106	5
YGR209C	0.054385627	0.882514943	0	0	1.264515861	-0.180307388	4
YGR211W	0.502476208	0.953453417	0	0	0.298884497	-0.06876564	14
YGR218W	0.820848856	0.963036195	0	0	0.085736803	-0.054338074	15
YGR229C	0.984302111	0.992042278	0	0	0.006871583	-0.011526489	4
YGR232W	0.005890864	3.026882915	0	0	2.229821027	1.59783287	5
YGR234W	0.001835431	1.48281791	0	0	2.736262027	0.568341446	14
YGR240C	0.532105816	1.026552538	0	0	0.274001994	0.037807465	38
YGR244C	0.17216828	1.113129842	0	0	0.764046859	0.154621887	11
YGR253C	0.919127531	0.936618357	0	0	0.036624225	-0.094466782	6
YGR254W	0.304641774	0.881588797	0	0	0.516210545	-0.181822205	12
YGR264C	0.817755745	1.011406632	0	0	0.087376396	0.016363144	27
YGR279C	0.422920207	0.741060675	0	0	0.373741564	-0.432336426	5
YGR282C	0.109909486	2.528614739	0	0	0.958964824	1.338347244	3
YGR285C	0.270548306	1.091915193	0	0	0.56775518	0.126860809	15
YHL007C	0.068734066	1.431863894	0	0	1.162827966	0.517894363	5
YHL015W	0.75211484	1.05974906	0	0	0.123715842	0.083722687	8
YHL030W	0.198152995	0.672431379	0	0	0.702999359	-0.572541046	14
YHL033C	0.847134541	0.98100551	0	0	0.07204761	-0.027666855	5
YHL034C	0.258930591	1.233951747	0	0	0.586816637	0.30328598	7
YHR005C-A	0.019521171	2.021125411	0	0	1.709494126	1.015158844	7
YHR018C	0.176390688	1.125526283	0	0	0.753524346	0.170599747	12
YHR019C	0.048302959	1.06372966	0	0	1.316026267	0.089131546	24
YHR020W	0.824769451	1.013281988	0	0	0.083667433	0.019035721	30
YKL156W;YHR021C	0.554798639	0.976719365	0	0	0.255864613	-0.033983994	4
YHR023W	0.925791544	0.986857144	0	0	0.03348679	-0.019086838	5
YHR025W	0.605514805	1.0741123	0	0	0.217875234	0.103144836	7
YHR027C	0.0239812	1.196892005	0	0	1.62012909	0.259292984	17
YHR037W	0.458886766	1.578785312	0	0	0.338294467	0.658815002	6
YHR039C-A	0.650690878	0.650537227	0	0	0.186625281	-0.620296478	5
YHR046C	0.204336743	0.749781672	0	0	0.689653534	-0.415457535	7
YHR047C	0.344554283	1.102281151	0	0	0.462742347	0.140492249	11
YHR049W	0.033657979	0.866741511	0	0	1.472911966	-0.206326294	6
YHR052W	0.716210345	0.977266769	0	0	0.14495941	-0.033175659	8
YHR063C	0.31176511	1.112861448	0	0	0.506172489	0.154273987	9
YHR064C	0.921881446	0.989197672	0	0	0.035324926	-0.01566925	19
YHR068W	0.514496108	0.973061023	0	0	0.288617907	-0.039397812	16
YHR069C	0.823194349	0.900513928	0	0	0.08449762	-0.151179504	4
YHR070W	0.430387561	0.840601192	0	0	0.366140289	-0.250506592	6
YHR074W	0.871776589	0.972242151	0	0	0.059594798	-0.040612411	8
YHR088W	0.060837194	2.089368911	0	0	1.215830825	1.063067245	7
YHR098C	0.152649649	0.838187064	0	0	0.816304191	-0.254655838	15
YHR104W	0.117332744	1.17097877	0	0	0.930580771	0.22771492	13
YHR107C	0.270080961	1.125427185	0	0	0.56850603	0.170472717	11
YHR108W	0.024183111	1.649806155	0	0	1.616487828	0.722296524	5
YHR113W	0.006029373	3.495628599	0	0	2.219727832	1.80555191	8
YHR128W	0.588028256	0.929839412	0	0	0.230601805	-0.104946518	10
YHR146W	0.250499318	1.234553219	0	0	0.601193451	0.303989029	9
YHR163W	0.543833647	0.934771678	0	0	0.264533926	-0.097314072	10
YHR170W	0.203604095	1.623311102	0	0	0.691213491	0.698939514	9
YHR174W	0.439794115	0.95176504	0	0	0.356750586	-0.071322632	12
YHR179W;YPL171C	0.692281478	1.020064375	0	0	0.159717288	0.028660202	20
YHR183W;YGR256W	0.290331952	1.052674976	0	0	0.537105166	0.074060059	28
YHR193C	0.790941986	0.967611978	0	0	0.10185537	-0.047499466	8
YHR200W	0.604796025	1.276451658	0	0	0.218391072	0.352138901	6
YHR201C	0.195809506	0.576781289	0	0	0.708166229	-0.793903732	6
YJR145C;YHR203C	0.455565883	1.071096085	0	0	0.341448807	0.099087906	15
YHR208W	0.955403051	1.005042632	0	0	0.019813376	0.007256699	12
YIL015W	0.079557565	1.577511339	0	0	1.09931852	0.657650375	4
YIL020C	0.647585573	0.855262529	0	0	0.188702835	-0.22556076	6
YIL022W	0.000992565	1.808794529	0	0	3.003241002	0.855028534	6
YIL033C	0.072217931	1.105725157	0	0	1.141354958	0.144992828	8
YIL034C	0.240972549	1.456443717	0	0	0.618032429	0.542449951	5
YIL041W	0.204670836	0.878906583	0	0	0.688944036	-0.186218262	10
YIL051C	0.019474449	0.821467936	0	0	1.710534815	-0.283723831	6
YIL053W	0.479561893	0.926801092	0	0	0.319155334	-0.10966835	11
YIL062C	0.363484641	1.07991464	0	0	0.439513935	0.110917282	3
YIL070C	0.000113728	9.848712592	0	0	3.944134361	3.29993515	4
YIL074C	0.354000983	1.121970465	0	0	0.450995533	0.166034698	5
YIL075C	0.977606577	0.997486729	0	0	0.009835885	-0.003630447	20
YIL076W	0.635366256	1.065069328	0	0	0.196975854	0.090947342	7
YIL078W	0.31550583	1.061667172	0	0	0.500992612	0.086331558	30
YIL083C	0.368462985	1.294238159	0	0	0.433606134	0.372103119	5
YIL094C	0.123096637	0.92104957	0	0	0.909753811	-0.118649292	7
YIL109C	0.800985482	1.040274938	0	0	0.096375355	0.056964874	12
YIL115C	0.275502881	0.908344181	0	0	0.559873855	-0.138689041	11
YIL116W	0.197878866	1.956120782	0	0	0.703600588	0.967995453	5
YIL125W	0.198237597	1.117940696	0	0	0.702813976	0.160843658	13
YIL133C	0.405104597	1.237705365	0	0	0.392432828	0.307667923	7
YIL137C	0.589921654	0.965204863	0	0	0.229205662	-0.051092911	8
YIL138C	0.184189906	2.091266367	0	0	0.734734173	1.064376831	10
YIL142W	0.002236894	0.685976074	0	0	2.650354672	-0.543769836	19
YIR006C	0.061256104	2.190024078	0	0	1.212850631	1.130946732	17
YIR008C	0.323104934	0.362148351	0	0	0.49065641	-1.46534729	4
YIR036C	0.768039026	0.921599158	0	0	0.114616712	-0.117788696	5
YIR037W	0.193461817	0.844014572	0	0	0.713404737	-0.244660187	5
YJL001W	0.382886789	0.519026574	0	0	0.416929618	-0.94611969	6
YJL008C	0.531575382	0.955755914	0	0	0.27443514	-0.065285873	19
YJL014W	0.94007813	0.98974134	0	0	0.026836051	-0.014876556	15
YJL020C	0.641868925	1.177641254	0	0	0.192553649	0.235900116	11
YJL026W	0.044424355	1.164635717	0	0	1.352378869	0.219878769	13
YJL034W	0.230134133	0.922932832	0	0	0.638018962	-0.115702438	22
YJL041W	0.026086573	0.7538567	0	0	1.58358297	-0.407637787	24
YJL050W	0.643821694	1.028851997	0	0	0.191234393	0.041035461	9
YJL060W	0.33278208	0.705824774	0	0	0.477840068	-0.502618027	6
YJL068C	0.936681366	1.024056199	0	0	0.028408119	0.034294891	7
YJL076W	0.17791482	1.489810211	0	0	0.749787874	0.575128555	4
YJL080C	0.260648374	1.138680842	0	0	0.583944979	0.187363434	30
YJL109C	0.101195497	0.687777565	0	0	0.994838814	-0.539986038	9
YJL111W	0.442242617	1.089105542	0	0	0.354339409	0.123143768	13
YJL115W	0.04036887	0.397754695	0	0	1.393953411	-1.330049133	3
YJL121C	0.081761038	0.348630953	0	0	1.087453603	-1.520227432	5
YJL123C	0.607811265	1.04580268	0	0	0.216231255	0.064610672	11
YJL130C	0.432311704	1.061735389	0	0	0.364203007	0.086424255	67
YJL136C	0.911223177	0.982326186	0	0	0.040375243	-0.025725937	1
YKR059W;YJL138C	0.435027941	1.041353197	0	0	0.361482848	0.058459473	18
YJL140W	0.456363873	0.571948796	0	0	0.340688743	-0.806042099	3
YJL167W	0.316062219	1.099270415	0	0	0.500227415	0.136546326	13
YJL173C	0.974013478	1.012034755	0	0	0.011435034	0.017258835	2
YJL177W	0.141567125	0.33047885	0	0	0.849037589	-1.597370148	1
YJL189W	0.882119152	0.961739673	0	0	0.054472749	-0.056281662	2
YJL191W;YCR031C	0.388785873	1.149238215	0	0	0.410289524	0.200677872	9
YJL200C	0.23251316	0.916554373	0	0	0.633552461	-0.125707626	11
YJR002W	0.012981171	0.314687539	0	0	1.886686126	-1.668008041	5
YJR007W	0.150078044	1.124170614	0	0	0.823682838	0.168861008	11
YJR009C	0.924759343	0.85509226	0	0	0.033971272	-0.225848007	4
YJR016C	0.257439322	1.088727208	0	0	0.589325118	0.122642517	19
YJR025C	0.858887664	1.054953726	0	0	0.066063635	0.077179718	6
YJR045C;YEL030W	3.60E-06	1.798052525	0	0	5.444243843	0.846435165	32
YJR059W	0.515873906	0.921960613	0	0	0.287456439	-0.117222977	4
YJR060W	0.152784605	1.279430639	0	0	0.815920405	0.355501938	7
YJR064W	0.553006756	1.127690168	0	0	0.257269563	0.173370743	14
YJR065C	0.349665773	1.531708409	0	0	0.456346876	0.615141678	9
YJR070C	0.19361851	1.071873788	0	0	0.713053127	0.10013504	13
YJR076C	0.697965007	1.16490859	0	0	0.15616635	0.220216751	5
YPR043W;YJR094W-A	0.084433502	0.806797986	0	0	1.073485197	-0.309720612	7
YJR103W	0.128193267	0.617567857	0	0	0.892134783	-0.695330429	5
YJR104C	0.494520107	0.929537049	0	0	0.305816046	-0.105415726	10
YJR105W	0.620333466	1.038010879	0	0	0.207374789	0.053821564	12
YJR109C	0.199109057	0.894861177	0	0	0.700908985	-0.160264206	27
YJR121W	0.445468409	1.034044493	0	0	0.351183089	0.048298264	14
YJR123W	0.490032649	1.043737141	0	0	0.309774984	0.061758423	13
YJR125C	0.284077586	0.652575827	0	0	0.546563032	-0.615782547	2
YJR135W-A	0.04051773	2.263133732	0	0	1.392354897	1.178321838	4
YJR139C	0.247268157	0.929237734	0	0	0.606831807	-0.105880356	18
YJR148W	0.027986155	1.889823394	0	0	1.553056767	0.918251419	6
YKL007W	0.12564188	2.275901293	0	0	0.900865573	1.186437988	3
YKL009W	0.440794341	0.918295616	0	0	0.35576399	-0.122969437	7
YKL013C	0.053883912	0.200707457	0	0	1.268540883	-2.316833878	2
YKL018W	0.006908643	0.441685409	0	0	2.160607235	-1.17890892	3
YKL021C	0.538529003	0.909882872	0	0	0.268790902	-0.136247253	5
YKL024C	0.191444256	1.146334712	0	0	0.717957659	0.197028351	5
YKL029C	0.804223137	0.978430795	0	0	0.094623437	-0.031458282	11
YKL033W-A	0.790616219	0.960724542	0	0	0.102034281	-0.057805252	7
YKL035W	0.155953623	0.82471312	0	0	0.807004531	-0.278035736	17
YKL040C	0.272896432	1.572671877	0	0	0.564002143	0.653217697	7
YKL056C	0.572680855	1.04541064	0	0	0.242087335	0.064069748	10
YKL060C	0.118223701	0.916546375	0	0	0.927295449	-0.125720215	19
YKL067W	0.591898038	0.929897683	0	0	0.2277531	-0.10485611	9
YKL073W	0.723685418	0.93952886	0	0	0.140450178	-0.089990616	5
YKL080W	0.712290788	1.04413794	0	0	0.147342673	0.062312317	12
YKL081W	0.30319561	1.056255808	0	0	0.518277091	0.078959274	15
YKL085W	0.852891771	0.990529638	0	0	0.069106076	-0.013727951	11
YKL103C	0.372112586	1.122358274	0	0	0.42932564	0.166533279	8
YKL104C	0.335105378	0.953292586	0	0	0.474818602	-0.069009018	22
YKL117W	0.157152208	0.881654069	0	0	0.803679512	-0.181715393	6
YKL126W	0.143936972	1.494128389	0	0	0.841827637	0.579304123	6
YKL127W	0.685114719	0.963836354	0	0	0.164236702	-0.053139877	14
YKL142W	0.17715959	1.064274611	0	0	0.751635334	0.089870453	12
YKL145W	0.858509924	0.990959003	0	0	0.06625468	-0.013102722	10
YKL150W	0.000644719	1.449902422	0	0	3.190629737	0.535955811	3
YKL152C	0.259484818	0.924092491	0	0	0.585888046	-0.113890839	14
YKL157W	0.946203822	0.995269476	0	0	0.024015302	-0.006840897	26
YKL172W	0.327317938	1.414601016	0	0	0.485030193	0.500395203	6
YKL181W	0.583614083	0.959300492	0	0	0.233874237	-0.059945297	9
YKL182W	0.916997878	0.992678323	0	0	0.037631669	-0.010601807	77
YKL184W	0.23787003	1.297101559	0	0	0.623660272	0.375291443	6
YKL191W	0.850825138	0.905624625	0	0	0.070159687	-0.143014908	4
YKL193C	0.411364091	1.243003022	0	0	0.385773622	0.313829803	6
YKL196C	0.387950274	0.718099142	0	0	0.411223937	-0.477745056	7
YKL204W	0.356801549	1.415633372	0	0	0.447573269	0.501447678	7
YKL205W	0.184375739	1.376490564	0	0	0.734296225	0.46099472	4
YKL210W	0.857245118	0.97944288	0	0	0.066894979	-0.029966736	38
YKL211C	0.615016158	1.376830549	0	0	0.211113474	0.461351013	9
YKL215C	0.085731857	0.619147948	0	0	1.066857769	-0.691643906	12
YKL216W	0.087458286	0.796125728	0	0	1.058199037	-0.328931808	9
YKR001C	0.844640988	0.98898374	0	0	0.073327847	-0.015981293	22
YKR014C;YOR089C;YNL093W	0.42700616	0.774585516	0	0	0.36956586	-0.368503571	6
YKR018C	0.705569685	1.112319558	0	0	0.151460087	0.15357132	10
YKR043C	0.671727172	0.965344986	0	0	0.172807084	-0.050883484	7
YKR048C	0.386319429	0.92331312	0	0	0.41305345	-0.115108109	11
YKR066C	0.233637446	1.101200367	0	0	0.631457549	0.139076996	6
YKR071C	0.94053214	0.972376097	0	0	0.026626359	-0.040413666	8
YKR074W	0.496271866	0.772216402	0	0	0.304280344	-0.372922897	4
YKR081C	0.688237365	1.246539583	0	0	0.162261753	0.317928696	2
YKR082W	0.950504922	0.974076311	0	0	0.02204563	-0.037893295	9
YKR095W	0.596597804	1.096911891	0	0	0.22431835	0.133447647	17
YLL001W	0.086836029	1.63818286	0	0	1.061300045	0.712096405	10
YLL008W	0.45514735	1.118057168	0	0	0.341847981	0.160993958	11
YLL018C	0.816113817	1.014181281	0	0	0.088249269	0.020315552	27
YLL021W	0.617940489	1.217967882	0	0	0.209053348	0.284476089	5
YLL024C	0.867533723	0.983535767	0	0	0.061713634	-0.023950577	10
YLL026W	0.136104291	0.872086569	0	0	0.866128182	-0.197456741	22
YLL040C	0.172582062	0.193412011	0	0	0.763004345	-2.370250702	7
YLL045C	0.43087248	1.182439178	0	0	0.365651244	0.241765976	4
YLL050C	0.980081295	0.998331351	0	0	0.008737899	-0.002409363	5
YLR017W	0.509939103	0.841192409	0	0	0.292481685	-0.249492264	5
YLR022C	0.972842363	0.990388741	0	0	0.011957526	-0.013933182	5
YLR025W	0.537124647	1.224817074	0	0	0.269924919	0.292566299	3
YLR027C	0.634774964	0.964797627	0	0	0.19738021	-0.051701736	16
YLR028C	0.872900933	0.989130977	0	0	0.059035042	-0.015766525	14
YLR029C;YMR121C	0.285743586	0.950411315	0	0	0.544023509	-0.073376083	9
YLR043C	0.217589261	1.289758798	0	0	0.662362542	0.367101288	4
YLR044C;YLR134W;YDL080C	0.005937225	0.866131192	0	0	2.226416489	-0.207342529	24
YLR048W	0.038127905	8.320749496	0	0	1.418757062	3.056713486	2
YLR058C	2.96E-05	0.838849553	0	0	4.529101125	-0.253516006	23
YLR060W	0.344806262	0.935027778	0	0	0.462424855	-0.096918869	17
YLR061W	0.651679834	0.933770445	0	0	0.185965718	-0.098860168	3
YLR069C	0.000736421	4.457700196	0	0	3.132873858	2.156299591	6
YLR075W	0.68476777	1.038137689	0	0	0.164456689	0.053997803	17
YLR089C	0.618633784	1.279737176	0	0	0.208566367	0.355847549	5
YLR106C	0.062585535	1.275562622	0	0	1.203526028	0.351133728	26
YLR109W	0.511268562	0.966237757	0	0	0.291350911	-0.049549866	10
YLR113W	0.454219808	0.775808797	0	0	0.34273393	-0.366226959	5
YLR133W	0.228928885	0.481077134	0	0	0.640299407	-1.055659866	6
YLR150W	0.68563509	1.056934979	0	0	0.163906964	0.079886627	14
YLR153C;YAL054C	0.752185649	1.031151154	0	0	0.123674957	0.044255829	24
YLR163C	0.391839124	1.462131242	0	0	0.406892203	0.548072815	4
YLR167W	0.171493122	2.779616675	0	0	0.765753294	1.474885941	3
YLR175W	0.293503654	1.100899917	0	0	0.532386488	0.138683319	10
YLR179C	0.776825407	1.033162008	0	0	0.109676579	0.047066498	7
YLR180W	0.682056204	0.965950632	0	0	0.166179837	-0.049978638	6
YLR185W	0.303964749	0.465440244	0	0	0.517176779	-1.103332138	5
YLR186W	0.262567963	0.722859853	0	0	0.580758265	-0.468212128	3
YLR192C	0.472292373	0.893273012	0	0	0.325789068	-0.16282692	10
YLR195C	0.42739521	0.848774768	0	0	0.36917035	-0.236546326	6
YLR196W	0.153545313	1.419641953	0	0	0.813763437	0.505527115	11
YLR197W	0.18339661	1.135531652	0	0	0.736608696	0.18336792	17
YLR200W	0.374668442	1.704675693	0	0	0.426352886	0.769497299	5
YLR208W	0.889522483	1.01888611	0	0	0.05084307	0.026992798	9
YLR209C	0.905324164	0.941410825	0	0	0.043195888	-0.087103653	3
YLR216C	0.997300575	1.000189868	0	0	0.001173931	0.000273895	13
YLR229C	0.205965073	0.756204278	0	0	0.686206419	-0.403152084	2
YLR244C	0.931884104	1.005406772	0	0	0.030638096	0.007779312	7
YLR248W	0.842081853	1.058957193	0	0	0.074645691	0.082644272	8
YLR249W	0.294868879	1.051115465	0	0	0.530371061	0.071921158	38
YLR257W	0.29029876	1.869311527	0	0	0.53715482	0.902507019	10
YLR259C	8.52E-09	1.876722486	0	0	8.069471314	0.908215332	34
YOR167C;YLR264W	0.396351785	1.93584731	0	0	0.401919182	0.952965164	4
YLR270W	0.284245778	0.930358574	0	0	0.546305977	-0.104141235	3
YLR287C	0.459559309	1.692978706	0	0	0.337658432	0.759563828	3
YOR182C;YLR287C-A	0.905708607	0.929353222	0	0	0.043011505	-0.105701065	5
YLR300W	0.138600254	2.303193764	0	0	0.858235973	1.203635788	7
YLR301W	0.789765346	0.974899563	0	0	0.102501926	-0.0366745	12
YLR304C	0.292300564	1.111830849	0	0	0.534170346	0.152937317	22
YLR314C	0.364509632	1.083832558	0	0	0.438290991	0.116141891	7
YLR325C	0.21005979	0.859556439	0	0	0.677657073	-0.218335724	4
YLR330W	0.955487473	0.970904996	0	0	0.019775002	-0.042597961	4
YLR335W	0.07553758	0.812430247	0	0	1.12183693	-0.299684143	19
YLR340W	0.076471912	1.192180748	0	0	1.116498049	0.253602982	10
YLR342W;YGR032W;YMR306W	0.787557346	1.110649953	0	0	0.103717813	0.15140419	10
YLR344W	0.559350736	0.508799172	0	0	0.252315786	-0.974831772	2
YLR347C	0.556189867	1.366030143	0	0	0.254776928	0.449989319	8
YLR351C	0.603911354	0.785991077	0	0	0.219026805	-0.347415161	4
YLR354C	0.264599525	0.919555697	0	0	0.577410939	-0.120991135	18
YLR355C	0.489854015	0.951448252	0	0	0.309933328	-0.071802902	21
YLR359W	0.095785398	0.925521784	0	0	1.01870069	-0.111661148	14
YLR367W;YJL190C	0.500900287	0.941439202	0	0	0.300248719	-0.087060165	7
YLR380W	0.231816841	1.7189397	0	0	0.634855018	0.781518936	5
YLR384C	0.954230863	0.991145844	0	0	0.020346541	-0.012830734	14
YLR387C	0.14219763	0.588212182	0	0	0.847107643	-0.765591431	5
YLR388W	0.116932075	1.233440254	0	0	0.932066343	0.302687836	4
YLR389C	0.040999224	1.874309369	0	0	1.387224365	0.9063591	9
YLR406C;YDL075W	0.760979874	1.039843727	0	0	0.118626829	0.05636673	7
YLR418C	0.705056996	0.927821347	0	0	0.151775774	-0.108081055	6
YLR420W	0.612483454	0.91108925	0	0	0.212905639	-0.134335709	9
YLR421C	0.850806253	0.887093436	0	0	0.070169327	-0.172842026	2
YLR429W	0.358591184	1.038036404	0	0	0.445400392	0.05385704	18
YLR432W	0.245837827	3.014377704	0	0	0.609351291	1.591860199	6
YLR438W	0.429113125	0.909415293	0	0	0.367428201	-0.136988831	8
YLR441C	0.402365364	0.384734441	0	0	0.39537941	-1.378065109	4
YLR447C	0.583543537	0.940840715	0	0	0.233926737	-0.0879776	4
YLR448W	0.904816303	0.989742125	0	0	0.043439583	-0.014875412	7
YML004C	0.203226953	1.552421112	0	0	0.692018694	0.634519958	4
YML008C	0.17821744	0.851067929	0	0	0.749049799	-0.232653809	8
YML010W	0.566647843	1.073675579	0	0	0.24668676	0.102558136	15
YML017W	0.397701489	0.855514491	0	0	0.400442783	-0.225135803	4
YML022W	0.898328229	1.011144317	0	0	0.046564953	0.015988922	7
YML028W;YDR453C	0.281298595	1.146805839	0	0	0.550832438	0.197621155	11
YML035C	0.08406637	1.195313832	0	0	1.075377704	0.25738945	7
YML036W	0.958155157	0.991800982	0	0	0.018564158	-0.011877441	5
YML056C;YAR075W	0.291691031	1.104953862	0	0	0.535076924	0.14398613	9
YML063W	0.300944976	0.79501986	0	0	0.521512902	-0.330937195	4
YML070W	0.02728321	0.869451887	0	0	1.56410453	-0.201821899	16
YML073C	0.481286564	0.931332507	0	0	0.317596263	-0.10263176	6
YML074C	0.079473442	0.882388243	0	0	1.099777976	-0.180514526	6
YML078W	0.002259863	1.369030296	0	0	2.645917882	0.453154373	4
YML079W	0.832349016	1.11976722	0	0	0.07969453	0.163198853	3
YML085C	0.150057458	1.185701527	0	0	0.823742415	0.245740891	7
YML092C	0.327402902	1.177250529	0	0	0.484917476	0.235421371	7
YML094W	0.233026122	0.570414496	0	0	0.632595392	-0.80991745	4
YML100W	0.008393309	0.770518632	0	0	2.076066779	-0.376098251	16
YML106W;YMR271C	0.073858021	0.818833957	0	0	1.131602331	-0.288357162	9
YML124C;CON__ENSEMBL:ENSBTAP00000016242	0.701670923	0.948843726	0	0	0.15386652	-0.075757599	6
YML126C	0.500387784	0.946739105	0	0	0.300693301	-0.078961182	17
YMR012W	0.000269068	1.285815697	0	0	3.570137407	0.362683868	29
YMR027W	0.413427756	1.485709955	0	0	0.38360037	0.571152496	12
YMR031C	0.325691504	1.760998943	0	0	0.48719357	0.816394043	8
YMR038C	0.112956738	1.365878809	0	0	0.947087858	0.449829483	6
YMR049C	0.726768342	0.960362872	0	0	0.138603999	-0.058348465	11
YMR062C	0.706946059	0.960047792	0	0	0.150613722	-0.058821869	10
YMR072W	0.590855633	0.767585738	0	0	0.22851862	-0.381600189	5
YMR074C	0.399520742	1.295513197	0	0	0.398460669	0.373523712	7
YMR079W;YKL091C	0.980411528	0.997296847	0	0	0.008591591	-0.003905106	12
YMR080C	0.621616741	1.249284571	0	0	0.206477298	0.321102142	7
YMR083W	0.071241385	1.203560938	0	0	1.147267647	0.267309189	11
YMR092C	0.191611212	0.88918795	0	0	0.717579082	-0.169439697	11
YMR099C	0.486605289	0.950811473	0	0	0.312823175	-0.072768784	15
YMR105C	0.580714064	0.712530518	0	0	0.236037656	-0.488976288	5
YMR108W	0.054663392	1.186403699	0	0	1.262303421	0.246595001	18
YMR109W	0.245341848	0.892563058	0	0	0.610228367	-0.163973999	12
YMR116C	0.669892849	1.030855369	0	0	0.173994658	0.043841934	15
YMR120C	0.003643579	0.734473184	0	0	2.438471756	-0.445218277	12
YMR125W	0.285162248	1.514408992	0	0	0.54490797	0.598754883	8
YMR128W	0.784559031	0.883471963	0	0	0.105374374	-0.178743744	6
YMR131C	0.309233345	1.142634901	0	0	0.509713681	0.192364502	9
YMR142C;YDL082W	0.808329197	1.026294706	0	0	0.092411734	0.037445068	11
YMR146C	0.570930242	1.081312432	0	0	0.243416952	0.112783432	13
YMR158W	0.275975255	0.762402041	0	0	0.559129857	-0.391376114	2
YMR170C;YMR169C	0.120030011	0.521097089	0	0	0.920710155	-0.9403759	7
YMR173W	0.047623424	1.923953924	0	0	1.322179381	0.944074249	5
YMR178W	0.063081133	3.756887428	0	0	1.200100512	1.909537888	6
YMR186W	0.302476771	1.135598309	0	0	0.519307971	0.183452606	12
YMR189W	0.096157034	0.809870001	0	0	1.017018941	-0.304237747	11
YMR205C	0.870478059	0.991960178	0	0	0.060242171	-0.011645889	30
YMR208W	0.094144507	0.811685812	0	0	1.026205014	-0.301006699	7
YMR215W	0.325042844	1.311787162	0	0	0.488059391	0.391533661	8
YMR217W	0.361469919	0.949002552	0	0	0.441927838	-0.075516129	22
YMR226C	0.172818939	0.923223281	0	0	0.762408665	-0.115248489	11
YMR229C	0.688253329	1.044239268	0	0	0.162251679	0.062452316	31
YMR235C	0.687675224	0.971609952	0	0	0.162616622	-0.041550827	16
YOR312C;YMR242C	0.400317982	0.968787046	0	0	0.397594901	-0.04574852	12
YMR261C	0.225510446	0.852446257	0	0	0.646833336	-0.230319214	10
YMR276W	0.314527774	1.690924352	0	0	0.502340999	0.757812119	6
YMR290C	0.016910098	1.323423451	0	0	1.771853872	0.40427475	11
YMR300C	0.458414656	1.073039274	0	0	0.338741506	0.101702881	11
YMR305C	0.193811464	1.107741422	0	0	0.712620537	0.147621155	4
YMR307W	0.522104024	1.255400674	0	0	0.28224296	0.328147888	5
YMR309C	0.202023996	0.935167971	0	0	0.694597043	-0.096702576	13
YMR311C	0.393604859	0.656599986	0	0	0.404939549	-0.606913376	6
YMR314W	0.046109951	0.810414746	0	0	1.336205342	-0.30326767	10
YMR315W	0.162216268	0.915021578	0	0	0.789905594	-0.12812233	8
YMR318C	0.184195687	1.247466443	0	0	0.734720544	0.319001007	12
YNL007C	0.67324793	0.960189451	0	0	0.171824973	-0.058609009	14
YNL010W	0.395813724	1.131215058	0	0	0.402509152	0.17787323	10
YNL016W	0.366213596	1.806208929	0	0	0.436265536	0.852964783	4
YNL035C	0.71598446	1.213784265	0	0	0.145096404	0.279512024	6
YNL037C	0.092353006	1.158556449	0	0	1.034548966	0.212328339	10
YNL044W	0.265991026	0.896403574	0	0	0.575133016	-0.157779694	7
YNL061W	0.854935387	0.972889425	0	0	0.068066706	-0.039652252	11
YNL064C	0.20535519	0.913145767	0	0	0.687494316	-0.131082916	12
YNL069C	0.654859886	1.040166294	0	0	0.183851612	0.056814194	7
YNL071W	0.020336832	1.349114991	0	0	1.691716702	0.432013321	11
YNL079C	0.362983599	1.180379644	0	0	0.440112998	0.239250946	19
YNL084C	0.592956631	1.131455269	0	0	0.22697707	0.17817955	5
YNL096C	0.504810222	0.94144219	0	0	0.29687186	-0.087055588	7
YNL098C	0.358816771	0.75533419	0	0	0.445127266	-0.404813004	4
YNL104C	0.909600131	1.007621298	0	0	0.041149486	0.010953522	10
YNL108C	0.20082124	0.726306943	0	0	0.697190356	-0.461348724	3
YNL112W	0.604932186	1.045600836	0	0	0.218293308	0.064332199	15
YNL118C	0.630346166	1.132508251	0	0	0.200420885	0.179521561	11
YNL121C	0.134084562	1.477586244	0	0	0.872621222	0.56324234	5
YNL123W	0.483807186	0.837208258	0	0	0.315327685	-0.256341553	13
YNL132W	0.600339715	1.042219806	0	0	0.221602925	0.059659576	7
YNL134C	0.052054001	1.197961854	0	0	1.283545883	0.26058197	11
YNL135C	0.285416517	0.903306507	0	0	0.544520898	-0.146712494	6
YNL138W	0.390980869	1.77181049	0	0	0.407844492	0.825224304	12
YNL141W	0.564973199	0.942736525	0	0	0.247972153	-0.085073471	9
YNL160W	0.065821286	0.706901519	0	0	1.181633636	-0.500418854	6
YNL166C	0.089762014	0.468076192	0	0	1.046907409	-1.095184708	5
YNL178W	0.317101526	1.161882238	0	0	0.498801667	0.216463852	17
YNL189W	0.123855056	0.459598322	0	0	0.90708626	-1.121554565	8
YNL200C	0.179363838	1.532700996	0	0	0.746265111	0.616076279	3
YNL208W	0.066471508	0.413422098	0	0	1.177364471	-1.274312592	5
YNL209W	0.25682994	0.838260649	0	0	0.59035435	-0.25452919	2
YNL220W	0.373155142	0.938159794	0	0	0.428110569	-0.092094421	10
YNL232W	0.819964792	1.084977195	0	0	0.086204795	0.117664719	4
YNL239W	0.802173633	0.964084867	0	0	0.095731617	-0.052767944	6
YNL241C	0.553467953	1.039212634	0	0	0.256907521	0.055490875	17
YNL243W	0.15441698	0.896017785	0	0	0.811304946	-0.158400726	13
YNL244C	0.557017729	0.933206443	0	0	0.254130982	-0.099731827	6
YNL247W	0.724692169	1.021951731	0	0	0.139846431	0.031327057	27
YNL255C	0.030605735	1.304500956	0	0	1.514197185	0.383498001	7
YNL281W	0.568481638	1.182232219	0	0	0.245283558	0.241513443	6
YNL287W	0.836851142	1.018977983	0	0	0.077351787	0.027122879	20
YOL120C;YNL301C	0.373546195	0.953153961	0	0	0.427655683	-0.069218826	9
YOL121C;YNL302C	0.54398427	0.960083078	0	0	0.264413658	-0.058768845	11
YNL307C	0.846725039	1.082297285	0	0	0.072257597	0.114096832	9
YNL308C	0.141481154	1.746924891	0	0	0.849301407	0.804817581	7
YNL313C	0.012572327	0.755530741	0	0	1.900584324	-0.404437637	14
YNL315C	0.000839103	4.715755556	0	0	3.076184831	2.237488937	5
YNR001C	0.022548584	1.311906486	0	0	1.646880725	0.391664886	6
YNR016C	0.323785883	0.944078819	0	0	0.48974209	-0.083020782	79
YNR023W	0.10540497	0.355629212	0	0	0.977138912	-1.49155426	2
YNR035C	0.770654595	1.036211947	0	0	0.113140228	0.051319122	9
YNR038W	0.691622619	1.182046549	0	0	0.160130812	0.24128685	6
YNR043W	0.301596647	0.887888953	0	0	0.520573492	-0.171548843	9
YNR046W	0.88476789	0.91199671	0	0	0.053170647	-0.132899475	2
YNR050C	0.125132264	0.876682354	0	0	0.902630697	-0.189873886	19
YNR053C	0.130974274	1.880929294	0	0	0.882814001	0.911445618	6
YOL021C	0.964831002	1.017572245	0	0	0.01554875	0.025131226	12
YOL022C	0.825177018	0.90578867	0	0	0.083452876	-0.142753601	4
YOL038W	0.231222845	0.86346724	0	0	0.63596926	-0.211786652	8
YOL039W	0.64150076	1.064453322	0	0	0.192802825	0.090112686	4
YOL040C	0.247564073	1.14373246	0	0	0.60631238	0.193749619	3
YOL041C	0.433284681	1.42800543	0	0	0.363226666	0.514001465	5
YOL049W	0.530122782	0.919939945	0	0	0.275623532	-0.120388412	7
YOL057W	0.845973356	1.014388862	0	0	0.072643315	0.020610809	7
YOL058W	0.219844059	0.866022874	0	0	0.657885266	-0.207522964	12
YOL059W	0.340691569	0.618248678	0	0	0.467638613	-0.693740845	7
YOL061W	0.789145859	0.961806047	0	0	0.102842718	-0.056182098	8
YOL064C	0.75331483	0.885790004	0	0	0.123023483	-0.174963379	5
YOL086C	0.170393622	0.935024564	0	0	0.768546666	-0.096923828	13
YOL090W	0.564999124	0.784833084	0	0	0.247952226	-0.349542236	4
YOL094C	0.918885873	0.974532041	0	0	0.036738425	-0.037218475	3
YOL097C	0.928282561	1.011440329	0	0	0.032319808	0.016411209	13
YOL098C	0.997154601	0.998204388	0	0	0.001237503	-0.00259285	8
YOL109W	0.327590667	1.489367108	0	0	0.48466848	0.574699402	10
YOL111C	0.306654748	1.099007396	0	0	0.513350307	0.136201096	6
YOL123W	0.368310613	0.63300405	0	0	0.433785767	-0.659713364	6
YOL127W	0.106463912	1.181973414	0	0	0.972797578	0.241197586	6
YOL139C	0.2376089	2.591738317	0	0	0.624137295	1.373920059	8
YOL140W	0.409127785	0.788887907	0	0	0.388141025	-0.342107773	2
YOL143C	0.140275618	0.878662834	0	0	0.85301781	-0.186618423	4
YOL151W	0.415818148	0.89615284	0	0	0.38109656	-0.158183289	11
YOR007C	0.81162923	0.982926372	0	0	0.090642321	-0.024844742	16
YOR014W	0.203625836	0.740668884	0	0	0.691167119	-0.433099365	2
YOR020C	6.26E-05	1.990816346	0	0	4.203257451	0.993360138	6
YOR021C	0.194374759	1.061518681	0	0	0.711360133	0.086129761	7
YOR027W	0.31974877	0.938071736	0	0	0.495191118	-0.092229843	32
YOR046C	0.26107719	0.918524858	0	0	0.58323107	-0.122609329	12
YOR051C	0.316600715	0.772891938	0	0	0.499488108	-0.371661377	5
YOR056C	0.101191825	1.567489534	0	0	0.99485457	0.648455811	4
YOR057W	0.642376972	0.831416093	0	0	0.192210036	-0.266357422	4
YOR061W	0.785877023	0.871742362	0	0	0.104645409	-0.198026276	5
YOR063W	0.640394996	1.027595379	0	0	0.19355207	0.039272308	25
YOR074C	0.336778157	1.317951701	0	0	0.472656084	0.398297501	6
YOR091W	0.370068022	0.745570746	0	0	0.431718442	-0.42358284	3
YOR095C	0.930322597	0.93418064	0	0	0.03136643	-0.098226547	7
YOR096W	0.393001089	0.897097844	0	0	0.405606246	-0.15666275	6
YOR109W;YNL106C	0.468469737	1.059728044	0	0	0.329318459	0.083694077	7
YOR112W	0.881405768	1.040963651	0	0	0.054824112	0.057919693	3
YOR117W	0.085316899	1.152889292	0	0	1.06896494	0.205253983	10
YOR122C	0.825249974	1.248862812	0	0	0.083414481	0.320615005	4
YOR128C	0.052023147	0.911443931	0	0	1.283803377	-0.133774185	12
YOR136W	0.507087574	1.071778564	0	0	0.294917031	0.100006866	10
YOR142W	0.789690506	1.023062394	0	0	0.102543083	0.032894135	10
YOR145C	0.753693694	1.09120056	0	0	0.122805118	0.12591629	6
YOR151C	0.057692745	1.296826867	0	0	1.238878795	0.374985886	17
YOR163W	0.304664092	0.696777928	0	0	0.516178729	-0.521229172	5
YOR168W	0.507815636	1.033923103	0	0	0.294293931	0.048128891	32
YOR176W	0.34008974	1.305800606	0	0	0.46840647	0.384934616	4
YOR184W	0.152566057	0.903102793	0	0	0.816542076	-0.147037888	12
YOR187W	0.017264248	7.068078457	0	0	1.762852344	2.821318054	11
YOR197W	0.180753557	0.921048352	0	0	0.742913147	-0.118651199	4
YOR198C	0.244447132	1.163351056	0	0	0.611815053	0.218286514	16
YOR204W;YPL119C	0.432397343	1.064593496	0	0	0.364116983	0.090302658	21
YOR209C	0.200512424	0.914463822	0	0	0.697858713	-0.129001999	13
YOR220W	0.10145843	1.861979066	0	0	0.993711863	0.896836853	6
YOR224C	0.221956232	1.712325207	0	0	0.653732657	0.775956726	3
YOR230W	0.89418704	0.987096715	0	0	0.048571629	-0.018736649	15
YOR232W	0.105625633	2.513367275	0	0	0.976230674	1.329621506	9
YOR234C	0.282915686	0.52873431	0	0	0.548342973	-0.919385147	1
YOR239W	0.314576194	1.56782446	0	0	0.502274146	0.648764038	7
YOR241W	0.554270872	0.929282207	0	0	0.256277943	-0.10581131	6
YOR243C	0.22513644	1.126538299	0	0	0.647554205	0.171896362	8
YOR251C	0.695575246	0.957517448	0	0	0.157655882	-0.062629318	8
YOR260W	0.185886109	0.647694771	0	0	0.730753063	-0.626613998	7
YOR261C	0.5017128	1.405919709	0	0	0.299544819	0.491514206	7
YOR265W	0.444359041	1.772924916	0	0	0.352265979	0.826131439	7
YOR272W	0.625488179	1.294651964	0	0	0.203780893	0.372564316	10
YOR276W	0.486621918	1.336049024	0	0	0.312808334	0.417972946	5
YOR280C	0.318790154	0.763776309	0	0	0.4964951	-0.388777924	3
YOR283W	0.320204144	1.786434071	0	0	0.494573052	0.837082672	6
YOR285W	0.994863269	0.996540843	0	0	0.002236603	-0.004999161	4
YOR286W	0.018403039	2.89787021	0	0	1.735110458	1.534992981	4
YOR294W	0.924903387	1.043749284	0	0	0.03390363	0.061775208	3
YOR298C-A	0.957761384	1.009179518	0	0	0.018742677	0.013182831	7
YOR303W	0.183047869	0.895501211	0	0	0.737435322	-0.159232712	12
YOR310C	0.257551081	1.094033262	0	0	0.589136624	0.129656601	10
YOR317W	0.485581161	0.963840432	0	0	0.313738171	-0.053133774	12
YOR323C	0.39288594	0.914729113	0	0	0.405733513	-0.128583527	18
YOR326W	0.752133438	0.973989517	0	0	0.123705103	-0.038021851	19
YOR332W	0.590354917	0.950266575	0	0	0.228886815	-0.07359581	14
YOR335C	0.08969617	0.950682509	0	0	1.0472261	-0.072964478	36
YOR341W	0.785944693	0.984805946	0	0	0.104608014	-0.022088623	24
YOR361C	0.149823052	1.1191542	0	0	0.824421361	0.162408829	17
YOR362C	0.815365363	1.265127343	0	0	0.088647741	0.339282608	8
YOR369C	0.220905053	1.130735986	0	0	0.65579435	0.177262115	6
YOR370C	0.212918913	0.69025073	0	0	0.671785759	-0.534807587	6
YOR374W	0.833916036	1.019804668	0	0	0.078877675	0.028292847	15
YOR375C;YAL062W	0.59352809	1.029425624	0	0	0.226558722	0.0418396	20
YPL004C	0.36869266	0.892916902	0	0	0.433335508	-0.163402176	8
YPL009C	0.216372386	0.66828351	0	0	0.664798165	-0.581467819	6
YPL012W	0.101174384	1.763349167	0	0	0.994929431	0.818318176	3
YPL028W	0.392255702	0.934739052	0	0	0.406430735	-0.097364426	18
YPL032C	0.761613137	0.845433785	0	0	0.118265574	-0.242236328	5
YPL037C	0.804816478	1.049845258	0	0	0.09430314	0.070176697	5
YPL048W	0.639020243	0.963988258	0	0	0.194485384	-0.052912521	12
YPL059W	0.429256148	1.541884226	0	0	0.367283476	0.624694443	3
YPL061W	0.123383052	0.909052747	0	0	0.90874449	-0.137564087	34
YPL084W	0.891950324	0.958815884	0	0	0.049659332	-0.060674286	4
YPL086C	0.304105952	0.734494935	0	0	0.51697508	-0.445175552	9
YPL091W	0.966517517	0.995789097	0	0	0.014790271	-0.006087875	12
YPL093W	0.564189476	1.043209325	0	0	0.248575019	0.061028671	18
YPL105C	0.659774842	0.877982367	0	0	0.180604248	-0.18773613	3
YPL106C	0.803254017	1.011015724	0	0	0.095147094	0.015805435	32
YPL111W	0.942038169	1.009819874	0	0	0.0259315	0.014097977	8
YPL117C	0.368854522	1.563824547	0	0	0.433144888	0.645078659	10
YPL127C	0.297521485	1.133824507	0	0	0.526481667	0.181197357	5
YPL129W	0.007568555	2.626618013	0	0	2.120987046	1.393206406	4
YPL131W	0.684936752	1.02036111	0	0	0.16434953	0.029079819	9
YPL143W	0.135317655	0.221044022	0	0	0.868645538	-2.177594376	1
YPL145C	0.557193925	1.096087909	0	0	0.253993627	0.13236351	14
YPL146C	0.306108316	2.109095877	0	0	0.514124872	1.07662468	7
YPL154C	0.731321065	0.959485677	0	0	0.135891917	-0.059666824	10
YPL160W	0.372856459	0.931291383	0	0	0.428458329	-0.102695465	38
YPL183C	0.372911528	0.778856925	0	0	0.428394191	-0.360569763	7
YPL210C	0.99068961	0.998895621	0	0	0.004062392	-0.001594162	9
YPL212C	0.228476207	1.644016186	0	0	0.641159019	0.717224503	8
YPL218W	0.907883101	0.9833423	0	0	0.041970068	-0.02423439	7
YPL225W	0.405744693	1.131322444	0	0	0.391747152	0.178010178	8
YPL226W	0.928081465	0.993761901	0	0	0.032413901	-0.009027863	31
YPL231W	0.942694701	1.003951532	0	0	0.025628934	0.005689621	86
YPL235W	0.660684785	0.825447894	0	0	0.180005694	-0.276750946	5
YPL237W	0.547633437	1.059645386	0	0	0.261510043	0.083581543	14
YPL240C	0.071744119	1.284521673	0	0	1.144213695	0.361231232	8
YPL243W	0.308755532	1.360956804	0	0	0.510385252	0.444621277	11
YPL249C-A	0.13655716	0.227492973	0	0	0.864685522	-2.13610611	2
YPL260W	0.971783769	1.006230163	0	0	0.012430359	0.008960342	9
YPL262W	0.569544202	1.060259731	0	0	0.244472565	0.084417725	12
YPL273W;YMR321C	0.013246736	0.870410851	0	0	1.877891119	-0.200231552	10
YPR004C	0.000873672	1.446734988	0	0	3.058651705	0.532800674	7
YPR010C	0.119229024	0.862095938	0	0	0.923618012	-0.214079666	18
YPR016C	0.709341827	1.045491082	0	0	0.149144431	0.064180756	4
YPR033C	0.843906551	1.012619623	0	0	0.073705642	0.018092346	20
YPR035W	0.663232308	1.037108006	0	0	0.178334326	0.052566147	7
YPR036W	0.893468291	0.985772493	0	0	0.048920856	-0.02067337	12
YPR041W	0.258245614	0.925927866	0	0	0.587967045	-0.11102829	13
YPR060C	0.108607559	0.506721111	0	0	0.964139947	-0.98073616	5
YPR062W	0.604676711	1.047851249	0	0	0.218476758	0.067433929	5
YPR069C	0.947304148	0.98998135	0	0	0.023510561	-0.014526749	12
YPR072W	0.446261344	0.80255094	0	0	0.350410731	-0.317335129	4
YPR073C	0.889671722	1.052708378	0	0	0.050770213	0.074105835	2
YPR074C	0.278609732	0.944501285	0	0	0.555003717	-0.082375336	27
YPR088C	0.0367425	0.642274252	0	0	1.434831301	-0.638738632	4
YPR103W	0.87997467	1.094943421	0	0	0.055529829	0.130856323	4
YPR108W	0.170657387	1.343310387	0	0	0.76787491	0.425792694	10
YPR110C	0.551033184	0.938730513	0	0	0.258822246	-0.091217041	8
YPR118W	0.713493029	1.025102468	0	0	0.146610266	0.035768127	7
YPR135W	0.694753873	0.837977208	0	0	0.158169024	-0.25501709	7
YPR143W	0.944222353	0.991240195	0	0	0.024925723	-0.012693405	2
YPR145W	0.871866904	1.021272086	0	0	0.059549808	0.030367279	11
YPR148C	0.215724291	0.56741074	0	0	0.666100949	-0.817534637	8
YPR163C	0.211982284	1.119301875	0	0	0.673700433	0.162599182	20
YPR169W	0.422037313	0.795796142	0	0	0.374649151	-0.32952919	3
YPR180W	0.111864064	1.851297116	0	0	0.951309406	0.888536453	3
YPR181C	0.821880789	1.01470058	0	0	0.085191171	0.021054077	18
YPR183W	0.847950432	1.086537242	0	0	0.071629534	0.119737625	2
YPR189W	0.335681697	0.718911701	0	0	0.474072338	-0.47611351	8
YPR190C	0.366810173	0.804134285	0	0	0.435558628	-0.314491653	7
YPR191W	0.930498163	0.985201568	0	0	0.03128448	-0.021509171	11
