Protein IDs	Pvalue	FC	FDR	Qvalue	#NAME?	t-test Difference	Unique peptides
YAL003W	0.010505044	1.523064141	0	0	1.978602145	0.6069767	13
YAL005C	0.344754969	0.825611169	0	0	0.462489465	-0.276465607	10
YAL012W	0.366869404	1.24170349	0	0	0.435488505	0.312320709	10
YAL016W	0.869480427	0.858857839	0	0	0.06074019	-0.219508743	4
YAL021C	0.559452587	0.689330933	0	0	0.252236714	-0.536731339	3
YAL025C	0.984549731	1.019474938	0	0	0.006762342	0.027826309	1
YAL035W	0.008581897	1.615212538	0	0	2.066416683	0.691724014	24
YAL036C	0.154413303	4.89698756	0	0	0.811315287	2.291894531	7
YAL038W	0.000417349	1.352737402	0	0	3.379500215	0.435881805	33
YAL044C	0.103251907	1.686568015	0	0	0.986101919	0.7540905	5
YAL049C	0.32705294	0.463598719	0	0	0.485381942	-1.109051514	3
YAL059W	0.065761638	5.73778264	0	0	1.182027376	2.520493317	4
YAL060W	0.17712797	0.419157588	0	0	0.751712855	-1.254435349	3
YAR002C-A	0.966766707	1.015300949	0	0	0.014678314	0.021907425	1
YAR002W	0.519649551	1.339103712	0	0	0.284289443	0.4212677	8
YAR007C	0.055928296	2.466591566	0	0	1.25236841	1.302518845	6
YAR015W	0.003286907	1.891223063	0	0	2.483212556	0.919319534	10
YAR042W	0.079254078	3.380260066	0	0	1.100978382	1.757134247	4
YDR224C;YBL002W	0.190327531	0.41209845	0	0	0.720498386	-1.278939056	5
YDR225W;YBL003C	0.002282853	1.379947828	0	0	2.641522061	0.464613724	3
YBL004W	0.808104491	0.881638216	0	0	0.09253248	-0.181741333	6
YBL007C	0.26496462	1.373124378	0	0	0.576812113	0.457462311	8
YBL017C	0.094706399	2.408448661	0	0	1.023620674	1.268104172	3
YBL022C	0.083336161	3.277356073	0	0	1.079166508	1.712532425	11
YBL023C	0.022220568	4.54352359	0	0	1.653244838	2.183811569	2
YBL024W	0.01565876	1.735198588	0	0	1.805242623	0.795100784	21
YBL026W	0.39586267	0.661746195	0	0	0.40245545	-0.595650101	3
YBR084C-A;YBL027W	0.581592571	1.077529549	0	0	0.23538115	0.107727432	13
YBL030C	0.047615302	4.33820617	0	0	1.322253455	2.117098618	2
YBL033C	0.763128285	0.843486495	0	0	0.117402449	-0.245563126	3
YBL034C	0.293116697	2.837109072	0	0	0.532959442	1.504421616	2
YBL036C	0.034133933	1.584127723	0	0	1.466813662	0.66368866	8
YBL039C	0.159740025	2.094687016	0	0	0.796586251	1.066734695	13
YBL041W	0.015931227	1.937611493	0	0	1.797750763	0.954279327	5
YBL045C	0.108468005	2.225887097	0	0	0.964698348	1.154380417	9
YBL047C	0.140031525	1.369154465	0	0	0.853774182	0.453285217	25
YBL050W	0.010018514	8.380256931	0	0	1.999196701	3.066994476	7
YBL051C	0.61010226	1.235877291	0	0	0.214597366	0.305535507	5
YBL055C	0.487457305	1.539525874	0	0	0.312063417	0.622486115	4
YBL056W	0.161305402	2.739172856	0	0	0.792351088	1.453740311	1
YBL058W	0.009397374	1.578882582	0	0	2.026993511	0.658903885	12
YBL064C	0.587512077	1.525538047	0	0	0.230983202	0.609318161	5
YBL068W	0.048695666	0.184845143	0	0	1.312509686	-2.435610962	3
YER102W;YBL072C	0.116213607	1.443521037	0	0	0.93474302	0.529592133	8
YBL076C	0.006249492	1.488727697	0	0	2.204155255	0.574079895	49
YER117W;YBL087C	0.11969005	1.273541909	0	0	0.921941951	0.348846436	7
YBL090W	0.008355175	4.28732057	0	0	2.078044472	2.100076294	1
YBL091C	0.517209706	1.388864954	0	0	0.286333334	0.473906326	6
YBL092W	0.730353168	1.072635322	0	0	0.136467083	0.101159668	8
YBL099W	5.67614E-05	2.616949433	0	0	4.24594723	1.387886047	16
YBL102W	0.079180524	1.719130151	0	0	1.101381631	0.781678772	1
YBR006W	0.478121974	1.341155043	0	0	0.320461296	0.423476028	4
YNL030W;YBR009C	0.185052872	1.65456664	0	0	0.73270417	0.7264534	6
YNL031C;YBR010W	0.234190011	3.18214442	0	0	0.630431633	1.669999313	2
YBR011C	0.063463893	1.334893269	0	0	1.197473289	0.416724396	15
YBR015C	0.804069668	1.084610045	0	0	0.09470632	0.117176437	2
YBR017C	0.595373818	0.621871044	0	0	0.225210267	-0.685312653	4
YBR025C	0.217675241	1.224748094	0	0	0.662190966	0.292485046	21
YBR026C	0.88634607	1.03806742	0	0	0.052396676	0.053900146	7
YBR029C	0.755516337	1.738640334	0	0	0.12175614	0.797959518	3
YBR031W	0.23143172	1.41230888	0	0	0.635577117	0.498055649	2
YBR035C	0.09521503	1.377353066	0	0	1.021294491	0.461898422	8
YBR039W	0.700158748	0.773841383	0	0	0.154803481	-0.369890213	4
YBR046C	0.832202571	1.118276843	0	0	0.079770947	0.16127739	1
YDR025W;YBR048W	0.041741445	1.346547229	0	0	1.379432522	0.429264832	12
YBR049C	0.198986582	1.402135236	0	0	0.701176207	0.487625504	8
YBR053C	0.842301432	1.084261942	0	0	0.074532461	0.116713333	4
YBR056W	0.634366307	1.186660022	0	0	0.197659892	0.246906662	4
YBR058C	0.133093619	2.801160903	0	0	0.875842765	1.486024857	3
YBR059C	0.138691691	3.659305396	0	0	0.857949555	1.871569824	5
YBR072W	0.031319814	2.261424135	0	0	1.504180831	1.177231598	4
YBR078W	0.446181801	0.767999484	0	0	0.350488148	-0.380822754	5
YBR079C	0.064290392	1.568473374	0	0	1.191853924	0.649361038	30
YBR080C	0.649422971	1.16005419	0	0	0.187472354	0.2141922	12
YBR082C;YDR059C	0.039951957	28.88440013	0	0	1.398461938	4.852218628	3
YBR084W	5.89107E-05	2.250619294	0	0	4.229806104	1.170322037	7
YBR085C-A	0.754190049	1.443918429	0	0	0.122519202	0.529989243	4
YBR088C	0.004019279	2.064372225	0	0	2.39585185	1.045703125	11
YBR089C-A	0.217839827	3.104219174	0	0	0.661862716	1.634230423	2
YBR092C;YBR093C;YAR071W;YHR215W	0.989934013	1.00816123	0	0	0.004393754	0.011726379	5
YBR094W	0.124277661	3.099558065	0	0	0.905606928	1.632062531	4
YBR095C	0.5612463	0.668635774	0	0	0.250846509	-0.58070755	3
YBR101C	0.129325893	1.480465345	0	0	0.888314514	0.56605072	5
YBR102C	0.991577151	0.991339535	0	0	0.003673489	-0.012548828	3
YBR109C	0.110658474	2.48331899	0	0	0.956015322	1.312269592	6
YBR111C	0.715011293	1.406041275	0	0	0.145687099	0.491638947	3
YBR112C	0.034004768	1.672152104	0	0	1.468460188	0.741706085	11
YBR115C	0.046149645	1.812100971	0	0	1.335831639	0.857663345	22
YPR080W;YBR118W	0.001745185	1.250288515	0	0	2.758158642	0.322261047	25
YBR121C	0.007116551	1.590599831	0	0	2.147730423	0.669570923	35
YBR126C	0.007817205	1.808980108	0	0	2.106948484	0.855176544	7
YBR127C	0.042813112	1.32147087	0	0	1.3684232	0.402144623	27
YBR130C	0.610200104	1.51228699	0	0	0.214527723	0.596731949	4
YBR139W	0.096625762	3.033387955	0	0	1.014907069	1.600930023	1
YBR142W	0.008196722	6.283401266	0	0	2.0863598	2.651545715	4
YBR143C	0.04721675	1.425495561	0	0	1.325903913	0.511463547	11
YBR145W	0.000114144	9.79398289	0	0	3.94254658	3.291895676	3
YBR146W	0.00877041	5.134854274	0	0	2.056980096	2.360323334	1
YBR149W	0.721445711	1.323724428	0	0	0.141796344	0.404602814	9
YBR151W	0.081958634	1.869911671	0	0	1.086405287	0.902970123	3
YBR154C	0.448283052	2.097484244	0	0	0.34844768	1.068659973	1
YBR155W	0.796112625	0.814037387	0	0	0.099025489	-0.296833038	4
YBR160W	0.572923259	1.430774681	0	0	0.241903547	0.516796494	4
YBR162C	0.513135717	1.556580351	0	0	0.289767755	0.638380051	1
YBR164C	0.067478403	3.818781394	0	0	1.170835202	1.933112335	5
YBR169C	0.487472265	0.705027752	0	0	0.312050088	-0.504248047	5
YBR177C	0.57168845	1.257865801	0	0	0.242840582	0.330978012	2
YPL090C;YBR181C	0.043466324	1.557756275	0	0	1.361847085	0.639469528	10
YBR189W	0.482064763	2.066395591	0	0	0.316894612	1.04711647	1
YBR191W	0.522007264	2.143771384	0	0	0.282323453	1.100151062	2
YBR196C	0.125829446	1.123229032	0	0	0.900217715	0.16765213	19
YBR198C	0.315851969	1.558267107	0	0	0.500516411	0.639942551	3
YBR214W	0.732828526	1.308864694	0	0	0.134997634	0.388315964	1
YBR216C	0.741349888	1.16612035	0	0	0.129976774	0.22171669	2
YBR218C	0.601923619	1.299642385	0	0	0.220458615	0.3781147	6
YBR221C	0.003499508	1.812775734	0	0	2.455993054	0.858200455	7
YBR229C	0.332612338	1.632720316	0	0	0.478061644	0.707277679	2
YBR233W	0.069802893	5.069690178	0	0	1.156126578	2.341897583	1
YBR233W-A	0.061911565	2.007563834	0	0	1.208228219	1.005445862	1
YBR234C	0.019614484	1.568008948	0	0	1.707423122	0.648933792	8
YBR236C	0.866912606	1.063736411	0	0	0.062024682	0.089140701	2
YBR244W	0.283947893	1.229183341	0	0	0.546761349	0.297700119	4
YBR245C	0.333251114	1.650959522	0	0	0.47722839	0.723304749	4
YBR247C	0.032823181	3.044979135	0	0	1.483819335	1.606432343	9
YBR248C	0.000428634	1.978363957	0	0	3.367913246	0.984307861	18
YBR249C	0.069193805	1.487652657	0	0	1.159932785	0.57303772	12
YBR251W	0.384984783	1.752749134	0	0	0.414556436	0.809619522	4
YBR252W	0.71811033	1.128882913	0	0	0.143808826	0.174895859	3
YBR256C	0.255484267	1.301462913	0	0	0.592635838	0.380134201	2
YBR258C	0.64746352	1.330885375	0	0	0.188784696	0.412386322	1
YBR263W	0.149930091	1.414320513	0	0	0.824111195	0.5001091	16
YBR267W	0.280230504	1.208966878	0	0	0.552484592	0.273774719	2
YBR269C	0.034908609	2.30162917	0	0	1.457067453	1.202655411	3
YBR272C	0.888533852	1.056639622	0	0	0.051326022	0.079483414	1
YBR279W	0.623990889	1.206420526	0	0	0.204821752	0.27073288	8
YBR281C	0.098177279	2.301769758	0	0	1.007989008	1.20274353	7
YBR286W	0.385714472	1.171146598	0	0	0.413734066	0.227921677	7
YBR288C	0.477342	1.617294213	0	0	0.321170352	0.693582153	3
YCL009C	0.003540753	2.095315748	0	0	2.45090435	1.067167664	7
YCL011C	0.068094158	3.915014882	0	0	1.166890146	1.969017792	4
YCL017C	0.002232966	4.428106704	0	0	2.651117896	2.146689987	7
YOR343W-B;YLR410W-B;YGR161W-B;YFL002W-A;YDR210W-B;YCL019W;YOR192C-B;YDR034C-D;YBL100W-B;YDR261W-B;YOR343W-A;YOR192C-A;YLR410W-A;YGR161W-A;YFL002W-B;YDR261W-A;YDR210W-A;YDR034C-C;YCL020W;YBL100W-A	0.450381917	1.714977739	0	0	0.346419055	0.77818985	4
YCL028W	0.620429033	0.872682624	0	0	0.207307888	-0.196471024	2
YCL030C	0.617947616	0.926854517	0	0	0.209048339	-0.10958519	23
YCL033C	0.942043714	0.974847235	0	0	0.025928944	-0.036751938	1
YCL034W	0.8488686	1.136751927	0	0	0.071159531	0.18491745	2
YCL035C	0.736016523	1.101479638	0	0	0.133112436	0.139442825	5
YCL037C	0.249121485	1.393397051	0	0	0.603588816	0.478606415	11
YCL040W	0.748839437	1.120445751	0	0	0.125611292	0.1640728	13
YCL043C	0.112232038	1.650889677	0	0	0.949883152	0.723243713	21
YCL050C	0.787689999	1.07176071	0	0	0.103644669	0.099982834	16
YCL057W	0.018210722	2.4943234	0	0	1.739672839	1.318648529	11
YCL059C	0.543458858	1.480142429	0	0	0.264833328	0.565736008	3
YCL064C	0.057294406	0.392390188	0	0	1.241887778	-1.34963913	1
YCR002C	0.011053817	1.817644048	0	0	1.95648774	0.862069702	7
YCR004C	0.002032963	7.255368263	0	0	2.691870522	2.859048843	2
YCR005C	0.750412451	0.837758101	0	0	0.124699969	-0.255394363	2
YCR009C	0.021154813	6.014494026	0	0	1.6745908	2.588443375	2
YCR012W	0.00108797	1.322970016	0	0	2.96338323	0.403780365	32
YCR016W	0.83818812	0.857739219	0	0	0.076658499	-0.221389008	2
YCR028C-A	0.134937554	3.676564919	0	0	0.869867167	1.878358459	4
YCR030C	0.310618884	1.583310306	0	0	0.507772145	0.662944031	8
YCR046C	0.002472107	4.784876199	0	0	2.606932757	2.258481598	3
YCR051W	0.046581622	5.729897346	0	0	1.331785393	2.518509293	4
YCR053W	0.016985082	1.908336313	0	0	1.769932357	0.932315445	24
YCR060W	0.683591065	0.728140799	0	0	0.165203623	-0.457710648	3
YCR072C	0.153338452	1.307957233	0	0	0.814348925	0.387315369	6
YCR073W-A	0.062869504	1.697719213	0	0	1.201559968	0.76359787	3
YCR083W	0.665576639	1.155119528	0	0	0.17680193	0.208042145	5
YCR084C	0.602427006	1.177386879	0	0	0.220095568	0.235588455	15
YCR087C-A	0.03874046	2.507318992	0	0	1.411835224	1.326145554	4
YCR088W	0.31427013	1.317540552	0	0	0.502696895	0.397847366	20
YCR093W	0.077381829	1.595130006	0	0	1.111361011	0.673674011	6
YCR102C;YLR460C	0.179326393	2.431356678	0	0	0.746355786	1.281761551	1
YDL004W	0.061508821	0.498411677	0	0	1.211062597	-1.004590225	1
YDL006W	0.165370659	1.675078544	0	0	0.781541542	0.744228745	2
YDL007W	0.502763998	1.22924867	0	0	0.298635829	0.297776794	10
YDL012C	0.574890525	1.173263544	0	0	0.240414849	0.230527115	2
YDL014W	0.009502624	2.021765207	0	0	2.022156468	1.015615463	8
YDL017W	0.425541752	1.422788819	0	0	0.371057823	0.508721542	1
YDL022W	0.076425803	1.559032019	0	0	1.116759988	0.640650558	9
YDL029W	0.000452425	1.879574019	0	0	3.344453738	0.910405731	6
YDL031W	0.721145386	0.891899417	0	0	0.141977171	-0.165047073	4
YDL040C	0.301765679	1.259566859	0	0	0.520330156	0.332927704	18
YDL047W	0.352508839	0.751497134	0	0	0.452829988	-0.412160492	7
YDL051W	0.113752017	1.735722172	0	0	0.944040893	0.795536041	8
YDL053C	0.040201301	3.799780045	0	0	1.395759893	1.925915909	4
YDL055C	0.000735182	1.400239045	0	0	3.133605035	0.485673141	14
YDL058W	0.717342164	1.191061577	0	0	0.144273642	0.252248001	6
YDL060W	0.075125954	1.569934724	0	0	1.124210002	0.650704575	7
YDL061C	0.375329784	1.502295778	0	0	0.425586972	0.587168884	5
YDL063C	0.047000414	3.056564499	0	0	1.327898315	1.611911011	3
YDL064W	0.035003112	1.40795463	0	0	1.455893344	0.493600845	3
YDL065C	0.047696545	3.097227269	0	0	1.321513082	1.630977249	4
YDL066W;YNL009W	0.00125584	1.59847228	0	0	2.901065598	0.676693726	19
YDL074C	0.003322526	3.973872691	0	0	2.478531662	1.990545654	2
YDL078C	0.611906859	1.455102629	0	0	0.213314679	0.541120911	3
YDL081C	0.486716396	1.284986393	0	0	0.312724023	0.361753082	4
YMR143W;YDL083C	0.502692492	1.054151505	0	0	0.298697601	0.07608223	12
YDL084W	0.16908654	1.393486583	0	0	0.771890963	0.478699112	19
YDL086W	0.150013167	1.690246677	0	0	0.823870621	0.75723381	3
YDL092W	0.155369292	0.38938532	0	0	0.808634813	-1.360729599	1
YDL097C	0.531420899	0.895392771	0	0	0.27456137	-0.159407425	9
YDL100C	0.283572724	1.705968458	0	0	0.547335545	0.770590973	8
YDL103C	0.666251783	1.159052212	0	0	0.176361616	0.212945557	13
YDL110C	0.225258872	2.815037506	0	0	0.647318095	1.493154144	4
YDL111C	0.514658524	1.559029134	0	0	0.28848083	0.640647888	2
YDL112W	0.06052183	1.644646624	0	0	1.218087949	0.717777634	11
YDL116W	0.139258273	3.645277373	0	0	0.856178995	1.866028595	4
YDL120W	0.053660667	2.631521703	0	0	1.270343935	1.395897293	2
YDL122W	0.187910825	1.571332203	0	0	0.726048201	0.65198822	7
YDL124W	0.446709226	1.122410506	0	0	0.349975078	0.166600418	17
YDL125C	0.071274675	1.688271525	0	0	1.147064753	0.755546951	6
YDL126C	0.050844686	1.351818825	0	0	1.293754433	0.43490181	32
YDL130W	0.000190522	1.759617949	0	0	3.720055169	0.815262222	2
YDL131W	0.469115642	0.535715306	0	0	0.328720086	-0.900461578	3
YDL132W	0.467163026	1.796413034	0	0	0.330531537	0.845119095	5
YDL135C	0.210287863	1.192463543	0	0	0.677185792	0.25394516	7
YDL191W;YDL136W	0.006011666	1.664455827	0	0	2.221005124	0.735050583	9
YDL140C	0.090861121	3.474337854	0	0	1.041621908	1.796738052	17
YDL141W	0.476855857	1.206249556	0	0	0.321612879	0.270528412	8
YDL143W	0.00951588	1.639733872	0	0	2.021551042	0.713461685	8
YDL145C	0.06998214	1.128259533	0	0	1.155012782	0.174098969	31
YDL147W	0.217862489	1.380459847	0	0	0.661817539	0.465148926	9
YDL148C	0.147688914	2.894587203	0	0	0.830652103	1.53335762	4
YDL150W	0.634554229	1.491250712	0	0	0.197531257	0.576522827	2
YDL153C	0.050484902	3.955872201	0	0	1.296838479	1.983995819	6
YDL160C	0.737260354	1.117266636	0	0	0.13237912	0.159973526	8
YDL161W	0.818806339	0.903132881	0	0	0.086818804	-0.146989822	4
YDL165W	0.652187023	1.141038659	0	0	0.185627847	0.190347672	2
YDL166C	0.373365485	1.755245676	0	0	0.427865832	0.811672974	2
YDL168W	0.102732394	1.533427814	0	0	0.988292593	0.616760254	9
YDL171C	0.001394076	1.581601879	0	0	2.855713492	0.66138649	46
YDL173W	0.025780052	4.876890339	0	0	1.588716213	2.285961533	3
YDL176W	0.751706866	0.680143098	0	0	0.123951483	-0.556089783	1
YDL178W	0.006923322	2.935499546	0	0	2.159685483	1.553606033	6
YDL182W	0.403432811	1.139300641	0	0	0.394228784	0.188148499	4
YDL185W	0.00905634	1.401493993	0	0	2.043047274	0.486965561	49
YDL188C;YDL134C	0.887418812	0.872554336	0	0	0.051871369	-0.196683121	4
YDL190C	0.170344702	3.16618692	0	0	0.76867137	1.662746429	9
YDL192W;YDL137W	0.005032404	2.400616961	0	0	2.298224502	1.263405228	7
YDL195W	0.016545108	1.324469813	0	0	1.781330382	0.405414963	18
YDL201W	0.144984954	2.93431144	0	0	0.838677065	1.553022003	5
YDL205C	0.044342973	1.837972374	0	0	1.353175197	0.878115082	3
YDL213C	0.748160384	1.099449187	0	0	0.126005292	0.13678093	2
YDL219W	0.228369561	1.530973499	0	0	0.641361783	0.61444931	1
YDL224C	0.639736823	1.063053993	0	0	0.193998651	0.088214874	1
YDL225W	0.860864694	1.092486427	0	0	0.065065103	0.127615356	7
YDL226C	0.878246483	0.96126222	0	0	0.056383581	-0.056998062	11
YDL229W	0.003997681	1.365744104	0	0	2.39819184	0.449687195	2
YDL235C	0.07593815	4.484026865	0	0	1.119539988	2.164794922	3
YDL236W	0.223160335	1.720882021	0	0	0.651382996	0.783148193	11
YDR001C;YBR001C	0.540552148	1.379712501	0	0	0.267162403	0.464367676	10
YDR002W	0.097076867	2.114467548	0	0	1.012884248	1.080294418	4
YDR012W	0.519084591	1.320575968	0	0	0.284761863	0.401167297	2
YDR016C	0.043191856	4.530976973	0	0	1.364598132	2.179822159	2
YDR017C	0.284228432	1.644023141	0	0	0.546332481	0.717230606	2
YDR019C	0.712176755	0.904586919	0	0	0.147412206	-0.144668961	4
YDR021W	0.070900775	0.395022808	0	0	1.149349016	-1.339992142	2
YDR023W	0.074222977	1.209219762	0	0	1.129461633	0.274076462	25
YDR028C	0.713272722	1.486273007	0	0	0.146744385	0.571699142	9
YDR032C	0.024355734	7.789256744	0	0	1.613398786	2.961485672	3
YDR035W	0.207811605	1.20265716	0	0	0.682330204	0.266225433	8
YDR036C	0.021882321	11.44208511	0	0	1.659906615	3.516278076	6
YDR037W	0.021712055	1.250038941	0	0	1.663299062	0.321973038	24
YDR041W	0.279198811	1.766862166	0	0	0.554086435	0.821189499	1
YDR044W	0.773998867	0.900587031	0	0	0.111259675	-0.151062393	4
YDR047W	0.192229362	2.734733739	0	0	0.716180276	1.451400375	3
YDR050C	0.009720545	1.239696752	0	0	2.012309401	0.309987259	15
YDR051C	0.014262097	1.574948153	0	0	1.8458166	0.655304337	2
YDR054C	0.136015501	2.73970163	0	0	0.866411593	1.454018784	3
YDR060W	0.118141024	2.834422474	0	0	0.92759927	1.50305481	6
YDR061W	0.632525125	1.28109074	0	0	0.198922219	0.357372665	1
YDR063W	0.212931549	1.133693502	0	0	0.671759986	0.181030655	2
YDR064W	0.034350846	1.226303844	0	0	1.464062564	0.294316483	11
YDR068W	0.011150994	6.250941436	0	0	1.95268643	2.644073486	2
YDR071C	0.53132022	1.249621553	0	0	0.274643657	0.321491241	10
YDR074W	0.192088473	1.438935102	0	0	0.716498697	0.525001526	10
YDR084C	0.283584046	2.293865193	0	0	0.547318205	1.197780609	1
YDR086C	0.963177668	0.964894827	0	0	0.016293596	-0.051556396	1
YDR091C	0.001280696	1.837304749	0	0	2.892553804	0.877590942	17
YDR092W	0.002514064	1.367817437	0	0	2.599623603	0.451875687	2
YDR098C	0.06333299	1.568315785	0	0	1.198370009	0.64921608	3
YDR099W	0.248078199	1.539252752	0	0	0.605411399	0.622230148	4
YDR101C	0.037658057	1.400163147	0	0	1.424142088	0.48559494	17
YDR116C	0.01473351	4.851345005	0	0	1.831693766	2.278384781	1
YDR117C	0.392153822	0.680145076	0	0	0.406543548	-0.556085587	3
YDR120C	0.528063027	0.528317157	0	0	0.27731424	-0.920523834	8
YDR121W	0.303323714	0.742129946	0	0	0.518093636	-0.430256271	2
YDR127W	6.67851E-06	1.683684273	0	0	5.175320657	0.751621628	41
YDR129C;REV__YDR129C	0.016414333	1.259132972	0	0	1.784776756	0.332430649	19
YDR145W	0.238941667	1.47559621	0	0	0.621708111	0.561297989	5
YDR148C	0.076010646	1.657737991	0	0	1.119125574	0.729216003	3
YDR150W	0.7466297	0.849119111	0	0	0.126894738	-0.235961151	4
YDR152W	0.795155342	0.830332775	0	0	0.099548019	-0.268238449	3
YDR153C	0.445836862	0.770190075	0	0	0.350824027	-0.376713562	3
YDR155C	0.043949146	1.280508918	0	0	1.357049557	0.3567173	10
YDR158W	0.095099569	1.592060748	0	0	1.021821452	0.670895386	19
YDR161W	0.920732215	1.097913275	0	0	0.035866661	0.134764099	2
YDR162C	0.128919562	0.530754569	0	0	0.889681177	-0.913883209	2
YDR165W	0.917631732	0.962811882	0	0	0.037331577	-0.054674149	5
YDR167W	0.012723758	6.499821783	0	0	1.895384585	2.700400162	1
YDR168W	0.007376982	1.877395002	0	0	2.132121301	0.908732224	8
YDR169C	0.126040368	2.600874956	0	0	0.899490337	1.37899704	1
YDR170C	0.231222488	1.436123855	0	0	0.63596993	0.522180176	18
YDR172W	0.915493652	1.022540979	0	0	0.038344663	0.032158661	13
YDR174W	0.01940738	2.668880982	0	0	1.712033088	1.41623497	4
YDR175C	0.046088776	2.039894107	0	0	1.336404826	1.028494263	1
YDR177W	0.054443641	1.38554837	0	0	1.264052837	0.470457077	7
YDR188W	0.585978198	1.0736523	0	0	0.232118542	0.102526855	10
YDR189W	0.16317744	1.786242776	0	0	0.787339885	0.836928177	1
YDR190C	0.265059235	1.626331806	0	0	0.57665706	0.701621628	14
YDR194C	0.000132097	6.916152282	0	0	3.879107814	2.789969635	7
YDR211W	0.348737424	1.875790296	0	0	0.457501445	0.90749855	7
YDR212W	0.12330398	1.321420904	0	0	0.909022905	0.402090073	16
YDR214W	0.014416518	1.815456179	0	0	1.841139622	0.860332108	11
YDR226W	0.23118001	1.487336432	0	0	0.636049721	0.572731018	13
YDR232W	0.984996993	1.007020944	0	0	0.006565095	0.010093689	2
YDR233C	0.014119707	1.746465811	0	0	1.850174321	0.8044384	5
YDR234W	0.490069395	1.217976577	0	0	0.309742418	0.284486389	11
YDR238C	0.656489713	1.14533883	0	0	0.182772075	0.19577446	20
YDR258C	0.033190363	2.858450348	0	0	1.478988004	1.515233231	12
YDR266C	0.709763266	1.271069922	0	0	0.148886482	0.346043396	3
YDR272W	0.512897907	1.267523421	0	0	0.289969073	0.342012405	9
YDR280W	0.047116515	1.427510878	0	0	1.326826838	0.51350174	2
YDR289C	0.647589652	1.249327845	0	0	0.1887001	0.321152115	4
YDR293C	0.095166422	1.247522848	0	0	1.021516258	0.319066238	12
YDR298C	0.013376818	1.983389031	0	0	1.873647187	0.987967682	6
YDR299W	0.512066823	1.925048496	0	0	0.290673362	0.944894791	6
YDR300C	0.147271074	2.058195907	0	0	0.831882546	1.04138031	6
YDR304C	0.167465071	1.709390645	0	0	0.776075763	0.773482132	6
YDR320C	0.113784166	1.341763356	0	0	0.943918168	0.424130249	2
YDR321W	0.383354731	1.268662108	0	0	0.416399173	0.343307877	9
YDR322W	0.000928155	6.450355786	0	0	3.032379299	2.689378738	1
YDR324C	0.259135411	2.020783949	0	0	0.586473237	1.014915085	4
YDR328C	0.702173054	1.162681896	0	0	0.15355584	0.217456436	3
YDR335W	0.240045395	1.970747029	0	0	0.619706622	0.978742599	4
YDR341C	0.027650051	1.475240809	0	0	1.558304061	0.56095047	28
YDR346C	0.817124846	1.035723812	0	0	0.087711584	0.050639343	9
YDR347W	0.014622509	4.11307669	0	0	1.83497811	2.040217972	6
YDR348C	0.015021721	2.462575312	0	0	1.823280313	1.300167847	3
YDR353W	0.178927391	1.2066448	0	0	0.747323169	0.271001053	11
YDR354W	0.070752129	6.199298076	0	0	1.150260485	2.632104874	5
YDR361C	0.262023876	2.260523198	0	0	0.581659134	1.176656723	5
YDR363W-A	0.791675739	1.126946162	0	0	0.101452664	0.172418594	2
YDR365C	0.713951624	1.350183808	0	0	0.146331214	0.433155823	5
YDR368W	0.924951675	0.977338091	0	0	0.033880957	-0.033070374	7
YDR378C	0.808678837	1.085524707	0	0	0.092223922	0.118392563	2
YDR381W	0.856630306	0.943559236	0	0	0.067206565	-0.083815002	6
YDR382W	0.002506229	1.790676637	0	0	2.600979221	0.840504837	6
YOR133W;YDR385W	0.000309528	1.422648501	0	0	3.509299922	0.508579254	43
YDR388W	0.156437331	3.164061181	0	0	0.805659603	1.661777496	3
YDR390C	0.511436574	0.730833306	0	0	0.291208217	-0.452385712	3
YDR394W	0.920825783	0.953219491	0	0	0.035822529	-0.069119644	4
YDR395W	0.859390225	0.907232111	0	0	0.065809591	-0.14045639	9
YDR399W	0.053181713	2.187719417	0	0	1.274237682	1.129427719	5
YDR400W	0.096299143	1.978263	0	0	1.016377576	0.984234238	1
YDR408C	0.620572101	1.532578609	0	0	0.207207753	0.615961075	2
YDR412W	0.137960277	2.405083462	0	0	0.860245943	1.26608696	2
YEL054C;YDR418W	0.00418787	1.287222319	0	0	2.378006789	0.364261246	7
YDR427W	0.010032057	1.781810942	0	0	1.998610027	0.833344269	9
YDR429C	0.001847251	2.20495639	0	0	2.733474031	1.140750122	8
YDR430C	0.00792799	3.000333103	0	0	2.100836898	1.585122681	12
YDR432W	0.062885014	1.779114312	0	0	1.201452838	0.83115921	6
YML016C;YDR436W	0.039430497	0.356190282	0	0	1.404167745	-1.489279938	1
YDR441C	0.685737391	0.834426724	0	0	0.163842169	-0.261142731	1
YML024W;YDR447C	0.002265063	1.316777479	0	0	2.644919759	0.397011566	9
YML026C;YDR450W	0.001902107	1.437677039	0	0	2.720765158	0.523739624	11
YDR452W	0.232597541	1.665028944	0	0	0.63339488	0.735547256	4
YDR454C	0.057970035	1.558320671	0	0	1.23679644	0.639992142	10
YDR457W	0.459960386	1.792378663	0	0	0.33727957	0.841875458	7
YDR465C	0.351007935	1.506837794	0	0	0.454683066	0.591524124	5
YDR469W	0.265104336	1.604033564	0	0	0.576583168	0.68170433	2
YHR010W;YDR471W	0.128029732	1.315849223	0	0	0.892689165	0.395994186	7
YDR472W	0.894721779	0.947866769	0	0	0.048311991	-0.077243805	4
YDR477W	0.160359791	3.183027177	0	0	0.794904519	1.670399475	8
YDR483W	0.103081807	1.944056577	0	0	0.986817977	0.959070206	4
YDR486C	0.431192231	0.674168777	0	0	0.365329073	-0.568818283	1
YDR487C	0.118865929	1.92777771	0	0	0.92494261	0.946938705	11
YDR496C	0.23169039	1.421579078	0	0	0.635091979	0.507494354	7
YDR500C	0.6446364	1.380637621	0	0	0.190685175	0.465334702	4
YDR502C	0.036565408	1.843623838	0	0	1.436929581	0.882544327	9
YDR507C	0.008148749	2.584717416	0	0	2.088909079	1.370006561	4
YDR508C	0.01847523	6.058901467	0	0	1.733410156	2.599056244	1
YDR510W	0.405209012	0.739489278	0	0	0.392320904	-0.435398865	5
YDR513W	0.475113922	0.668665123	0	0	0.323202243	-0.580644226	6
YDR516C	0.641193707	0.714979441	0	0	0.193010749	-0.484026337	5
YDR517W	0.529319309	1.673806531	0	0	0.276282263	0.743132782	3
YDR519W	0.741057804	1.117388356	0	0	0.130147915	0.160130692	4
YDR533C	0.001881749	3.677338822	0	0	2.725438297	1.878662109	6
YDR539W	0.156173451	1.684749952	0	0	0.806392794	0.752534485	4
YEL002C	0.911523666	1.090208759	0	0	0.040232051	0.124604416	2
YEL003W	0.121881556	2.088584013	0	0	0.914062009	1.062525177	2
YEL015W	0.123721085	0.337335204	0	0	0.907556279	-1.567745209	3
YEL020W-A	0.17297994	3.428509229	0	0	0.762004258	1.777581406	2
YEL022W	0.457629904	0.623670388	0	0	0.339485604	-0.681144333	3
YEL026W	0.79080884	0.9072134	0	0	0.101928485	-0.140486145	4
YEL027W	0.508552552	1.49065779	0	0	0.293664162	0.575949097	1
YEL032W	0.436564989	0.460139667	0	0	0.359951096	-1.119856262	10
YEL034W;YJR047C	0.018854444	1.431885096	0	0	1.72458628	0.517915726	9
YEL037C	0.264235727	1.571023114	0	0	0.578008462	0.651704407	8
YEL038W	0.337401183	1.588697854	0	0	0.471853399	0.667844772	5
YEL042W	0.409964409	1.359317204	0	0	0.387253845	0.442882156	7
YEL046C	0.005914102	1.336263124	0	0	2.228111166	0.418204117	13
YEL047C	0.395159728	1.316718987	0	0	0.403227322	0.396947479	19
YEL051W	0.451172626	1.855589214	0	0	0.345657258	0.891877365	3
YEL055C	0.345814952	1.439882037	0	0	0.461156233	0.525950623	9
YEL056W	0.746282404	1.204630696	0	0	0.127096798	0.268590927	1
YEL058W	0.23017242	1.311032967	0	0	0.637946716	0.390703964	12
YEL060C	0.823249965	1.164182815	0	0	0.084468279	0.219317627	4
YEL071W	0.074526879	1.395019844	0	0	1.127687065	0.480285645	18
YER003C	0.041503532	1.374725015	0	0	1.38191494	0.459143066	10
YER004W	0.578410119	0.768263724	0	0	0.237764118	-0.380326462	2
YER006W	0.048864836	1.489028863	0	0	1.311003558	0.574371719	17
YER007C-A	0.087724042	1.963944964	0	0	1.056881365	0.973754501	3
YER009W	0.932371818	0.98569013	0	0	0.030410862	-0.020793915	3
YER010C	0.738887994	0.805594428	0	0	0.13142139	-0.31187439	2
YER012W	0.148852858	2.415953261	0	0	0.827242823	1.272592545	3
YER014W	0.080963639	0.145580388	0	0	1.09170998	-2.780112076	1
YER021W	0.309598242	1.243727618	0	0	0.509201514	0.314670563	14
YER023W	0.007839096	1.720210988	0	0	2.105733994	0.782585526	6
YER025W	0.003053041	1.710991884	0	0	2.515267335	0.774832916	20
YER030W	0.42440434	1.602058759	0	0	0.372220183	0.679927063	3
YER031C;YGL210W	0.03712731	1.577014214	0	0	1.430306513	0.657195663	7
YER036C	0.137154858	1.429292065	0	0	0.862788804	0.515300751	15
YER042W	0.905445773	0.926962111	0	0	0.043137554	-0.109417725	3
YER043C	0.728297061	1.038639595	0	0	0.137691442	0.054695129	26
YER048C	0.037081095	1.658378953	0	0	1.430847452	0.729773712	6
YER048W-A	0.546455391	2.025163741	0	0	0.262445285	1.018038559	3
YER049W	0.024696738	2.152926143	0	0	1.607360413	1.106298828	15
YER052C	0.129836824	3.364449361	0	0	0.886602115	1.750370407	10
YER055C	0.028002897	1.429914645	0	0	1.552797032	0.515929031	12
YIL052C;YER056C-A	0.013097039	1.393188164	0	0	1.882826867	0.478390121	3
YER057C	0.047228922	1.927457624	0	0	1.325791964	0.946699142	6
YER062C	0.34240303	1.357617117	0	0	0.465462401	0.44107666	6
YER063W	0.220880096	2.822931084	0	0	0.655843419	1.497193909	4
YER068W	0.045589026	4.341353766	0	0	1.341139689	2.118144989	3
YER069W	0.053116557	1.359512745	0	0	1.274770087	0.443089676	10
YER070W;YIL066C	0.10444451	1.356567883	0	0	0.981114384	0.439961243	18
YER073W	0.239925079	1.189158377	0	0	0.619924354	0.249940872	15
YIL069C;YER074W	0.229559207	1.352998178	0	0	0.639105284	0.436159897	10
YER080W	0.108058176	2.793786907	0	0	0.966342367	1.482221985	13
YER081W	0.004248456	5.589726853	0	0	2.371768859	2.482777786	4
YER086W	0.000268239	1.649981966	0	0	3.571477304	0.722450256	13
YER088C	0.857942648	0.914726694	0	0	0.066541743	-0.128587341	4
YER089C	0.449113387	1.343501493	0	0	0.347644	0.425997925	9
YER090W	0.051039262	1.563636417	0	0	1.29209561	0.64490509	15
YER091C	0.142766998	1.151924265	0	0	0.845372171	0.204045868	39
YER094C	0.015645881	1.864922597	0	0	1.805599978	0.899115753	4
YER095W	0.582874601	1.49171173	0	0	0.234424869	0.576968765	3
YER103W	0.218716396	1.624131992	0	0	0.660118659	0.699668884	1
YER110C	0.01791177	1.342679361	0	0	1.746861487	0.425114822	29
YER120W	0.362614276	2.011649001	0	0	0.440555102	1.008378601	4
YER122C	0.046045442	2.335024814	0	0	1.33681335	1.223437881	8
YER125W	0.586442155	1.112711681	0	0	0.231774819	0.154079819	12
YER126C	0.387771939	2.127697284	0	0	0.411423622	1.089292908	4
YER127W	0.098807128	2.795116916	0	0	1.005211725	1.48290863	2
YGL189C;YER131W	0.813367388	0.93975247	0	0	0.089713244	-0.089647293	5
YER133W	0.074550785	5.580015932	0	0	1.12754778	2.480269241	6
YER134C	0.045261415	1.302702701	0	0	1.344271875	0.381507874	1
YER136W	0.003730749	2.026542007	0	0	2.428203931	1.019020081	11
YER143W	0.123618767	2.221664677	0	0	0.907915593	1.151641083	3
YER151C	0.51297112	1.269488933	0	0	0.289907084	0.344247818	4
YER152C	0.074174273	4.109240489	0	0	1.129746703	2.038871765	3
YER155C	0.335320548	1.819988541	0	0	0.474539832	0.863929367	6
YER156C	0.043910403	1.726054328	0	0	1.357432573	0.787477875	10
YER159C	0.380218975	0.525498815	0	0	0.419966214	-0.928240585	2
YER165W	0.591821565	1.112327794	0	0	0.227809214	0.153582001	24
YER168C	0.574466032	1.233405358	0	0	0.240735646	0.302647018	3
YER172C	0.174873684	3.170135877	0	0	0.757275541	1.664544678	4
YER174C	0.983014211	0.985466274	0	0	0.007440204	-0.021121597	2
YER177W	0.209583211	1.596468018	0	0	0.678643511	0.674883652	4
YER178W	0.09965602	2.089633556	0	0	1.001496462	1.063249969	10
YFL002C	0.507775014	0.820747555	0	0	0.294328673	-0.284989548	5
YFL005W;YLR262C	0.973626054	1.036796806	0	0	0.011607813	0.052133179	6
YFL007W	0.89736535	0.941479779	0	0	0.047030704	-0.086997986	4
YFL010C	0.490592104	1.356011301	0	0	0.309279446	0.439369202	5
YFL014W	0.878948096	0.902703379	0	0	0.05603677	-0.147676086	4
YFL017C	0.022467496	5.568001115	0	0	1.648445333	2.4771595	3
YFL018C	0.030317952	1.810923134	0	0	1.518300135	0.856725311	12
YFL022C	0.003867656	1.417654239	0	0	2.412552216	0.503505707	22
YFL028C	0.207409594	1.672917626	0	0	0.683171159	0.742366409	2
YFL034C-A	0.253971397	1.318687908	0	0	0.595215193	0.399103165	3
YFL037W	0.02982529	1.40202587	0	0	1.525415322	0.48751297	13
YFL038C	0.908211937	0.858807653	0	0	0.041812795	-0.219593048	5
YFL039C;CON__P60712	0.034659321	1.316106716	0	0	1.460179947	0.396276474	20
YFL045C	0.019985787	1.545395634	0	0	1.699278748	0.627976227	16
YFR001W	0.655510283	0.876619304	0	0	0.183420491	-0.189977646	5
YFR003C	0.790971906	0.77207471	0	0	0.101838942	-0.373187637	1
YFR004W	0.881074399	1.08249047	0	0	0.054987418	0.114354324	7
YFR006W	0.238700543	3.205551328	0	0	0.622146593	1.68057251	4
YFR009W	0.064945619	1.6726947	0	0	1.187450143	0.742174149	10
YFR010W	0.110646017	1.794704804	0	0	0.956064214	0.843746567	9
YFR016C	0.426708358	1.621937727	0	0	0.36986885	0.69771843	5
YFR024C-A	0.027797595	2.383068143	0	0	1.555992779	1.252820206	5
YFR025C	0.135734911	1.664019298	0	0	0.867308437	0.734672165	1
YFR028C	0.105997634	1.6684965	0	0	0.97470383	0.73854866	2
YIL018W;YFR031C-A	0.005012846	1.473341975	0	0	2.299915629	0.559092331	13
YFR032C-A	0.64143068	1.544825706	0	0	0.192850271	0.627444077	3
YFR044C	0.018166159	1.311834335	0	0	1.740736878	0.391585541	12
YFR047C	0.081538932	3.015611783	0	0	1.088634982	1.592450714	3
YFR049W	0.200442675	1.885184911	0	0	0.698009809	0.914706039	2
YFR050C	0.004457578	1.518498911	0	0	2.350901073	0.602645874	3
YFR051C	0.133389771	4.134723652	0	0	0.874877474	2.047790909	6
YFR052W	0.796132441	0.858651662	0	0	0.099014679	-0.219855118	5
YFR053C	0.225671186	1.162141252	0	0	0.646523888	0.216785431	13
YGL008C;YPL036W	0.003964433	2.072669403	0	0	2.401818865	1.051490021	17
YGL009C	0.029170847	1.683454571	0	0	1.535050954	0.751424789	21
YGL011C	0.750953177	0.922933808	0	0	0.124387141	-0.115700912	11
YGL016W	0.207109714	1.951973919	0	0	0.683799532	0.964933777	4
YGL018C	0.660775181	1.400427882	0	0	0.179946277	0.485867691	1
YGL026C	0.014822186	1.439987121	0	0	1.829087752	0.526055908	26
YGL027C	0.51557985	1.283056595	0	0	0.287704064	0.359584808	10
YGL030W	0.667005715	1.124683779	0	0	0.175870445	0.169519424	6
YGL037C	0.015782096	2.792000519	0	0	1.801835314	1.48129921	5
YGL039W	0.408141252	0.641107754	0	0	0.389189507	-0.641361237	5
YGL040C	0.002562258	2.614662122	0	0	2.59137717	1.386624527	7
YGL043W	0.744872764	1.085371445	0	0	0.127917905	0.118188858	7
YGL048C	0.011314975	1.342333257	0	0	1.946346411	0.424742889	7
YGL050W	0.659769486	1.319029311	0	0	0.180607774	0.399476624	3
YGL056C	0.529924843	1.127048374	0	0	0.275785721	0.172549438	4
YGL062W	0.793374918	0.75851444	0	0	0.100521534	-0.39875145	3
YGL067W	0.763171412	1.220405649	0	0	0.117377906	0.287360764	3
YGL068W	8.52126E-05	8.667932643	0	0	4.069496031	3.115687943	5
YGL070C	0.220220591	1.456878951	0	0	0.657142077	0.542881012	3
YGL076C;YPL198W	0.005639963	1.319709938	0	0	2.248723749	0.400220871	16
YGL078C	0.035281737	4.52898624	0	0	1.452450044	2.179188156	5
YGL087C	0.904560106	0.947157752	0	0	0.04356257	-0.078323364	1
YGL094C	0.17561214	1.426080664	0	0	0.755445464	0.512055588	2
YGL097W	0.712606425	1.191328986	0	0	0.147150266	0.252571869	5
YGL099W	0.535070196	1.825196167	0	0	0.271589239	0.868051529	8
YGL100W	0.602510057	1.589734938	0	0	0.220035699	0.66878624	3
YGL101W	0.767519391	0.762633502	0	0	0.114910643	-0.390938187	5
YGL103W	0.898628633	0.985032517	0	0	0.046419747	-0.021756744	9
YGL105W	0.649279124	1.161495206	0	0	0.187568561	0.2159832	9
YGL106W	0.023516232	1.942058514	0	0	1.628632269	0.95758667	12
YGL111W	0.009083231	3.055110892	0	0	2.041759655	1.611224747	4
YGL112C	0.360779281	0.519516745	0	0	0.442758411	-0.944757843	3
YGL115W	0.085698136	2.329103917	0	0	1.067028623	1.219775009	7
YGL120C	0.245588663	1.467247664	0	0	0.609791686	0.553112411	7
YGL122C	0.889915214	0.888335129	0	0	0.050651368	-0.170824051	3
YGL123W	0.061742531	1.324346545	0	0	1.209415575	0.405280685	12
YGL125W	0.653588003	0.846682312	0	0	0.184695928	-0.240107346	7
YGL129C	0.086927685	4.496933338	0	0	1.060841887	2.168941498	4
YGL130W	0.119991086	2.112654058	0	0	0.920851018	1.079056549	2
YPL220W;YGL135W	0.075596662	1.306290295	0	0	1.12149738	0.38547554	10
YGL137W	0.074453586	1.305401877	0	0	1.128114379	0.384494019	25
YGL147C	0.438648001	1.256026881	0	0	0.357883846	0.32886734	2
YGL148W	0.052332836	1.844468349	0	0	1.281225728	0.883205032	15
YGL157W	0.31547693	1.963170847	0	0	0.501032394	0.97318573	9
YGL172W	0.440004086	1.348961964	0	0	0.35654329	0.43184967	1
YGL173C	0.000611823	1.659929335	0	0	3.213373933	0.731121826	27
YGL187C	0.923391037	1.054491893	0	0	0.034614345	0.076548004	1
YGL190C	0.121053914	3.293174565	0	0	0.917021165	1.719478989	3
YGL195W	0.040181532	1.635278071	0	0	1.395973506	0.70953598	39
YGL196W	0.273909358	0.649800403	0	0	0.56239313	-0.621931458	3
YGL198W	0.469013891	1.637052704	0	0	0.328814294	0.711100769	1
YGL201C	0.046338324	3.948959021	0	0	1.334059681	1.981472397	3
YGL202W	0.020906946	1.364758234	0	0	1.679709411	0.448645401	16
YGL206C	0.009981344	1.658899534	0	0	2.000810959	0.730226517	36
YGL207W	0.368070567	1.488478543	0	0	0.43406891	0.573838425	12
YGL213C	0.447086448	1.762806529	0	0	0.349608495	0.817874146	1
YGL221C	0.43879879	1.133543629	0	0	0.357734579	0.18083992	11
YGL232W	0.752288657	1.166160435	0	0	0.123615486	0.221766281	7
YGL234W	0.339706988	1.132892213	0	0	0.468895519	0.180010605	24
YGL238W	0.133830238	1.543993051	0	0	0.873445749	0.62666626	7
YGL242C	0.999491248	1.000188281	0	0	0.000221004	0.000271606	4
YGL244W	0.447964647	1.203525614	0	0	0.348756259	0.267266846	3
YGL245W	0.231691407	1.255969759	0	0	0.635090073	0.328801727	35
YGL246C	0.049889757	2.30612369	0	0	1.301988613	1.205469894	3
YGL252C	0.288815903	2.108704424	0	0	0.539378897	1.076356888	4
YGL253W	0.01283093	1.394124899	0	0	1.891741878	0.479359818	23
YGR001C	0.969649194	0.967466154	0	0	0.013385359	-0.047716904	9
YGR007W	0.644113973	1.356006281	0	0	0.191037279	0.439363861	2
YGR008C	0.254116449	2.092673574	0	0	0.594967223	1.06534729	2
YGR017W	0.786057036	0.851282639	0	0	0.10454594	-0.232289886	1
YGR019W	0.316159569	1.367028138	0	0	0.50009367	0.451042938	6
YGR020C	0.11106263	1.47511521	0	0	0.954432046	0.560827637	4
YLR333C;YGR027C	0.572420194	2.238820402	0	0	0.242285053	1.1627388	7
YGR034W	0.400340613	1.203401192	0	0	0.39757035	0.267117691	2
YGR037C	0.025645287	1.554487215	0	0	1.590992434	0.636438751	7
YGR048W	0.020021685	4.19414886	0	0	1.698499369	2.068378067	5
YGR054W	0.003118053	2.449090772	0	0	2.506116555	1.292246246	15
YGR061C	0.01956374	1.374467683	0	0	1.708548113	0.458872986	34
YGR078C	0.002251102	6.80730315	0	0	2.647604854	2.767083359	3
YGR080W	0.067519756	4.280534367	0	0	1.170569137	2.097790909	5
YGR081C	0.868843701	0.862345353	0	0	0.061058343	-0.213662338	2
YGR083C	0.07959465	1.9539641	0	0	1.099116121	0.966403961	6
YPR102C;YGR085C	0.283578462	1.222799473	0	0	0.547326758	0.290187836	9
YGR086C	6.32667E-07	1.59442411	0	0	6.198824976	0.673035431	11
YGR087C	0.438004081	0.388772167	0	0	0.358521843	-1.363003159	1
YGR090W	0.047223414	2.021733133	0	0	1.325842618	1.015592575	8
YGR094W	0.093546268	1.445405133	0	0	1.028973533	0.531473923	40
YGR095C	0.395223836	1.203269466	0	0	0.403156871	0.266959763	3
YGR103W	0.003770319	2.519936492	0	0	2.423621873	1.333387375	16
YGR111W	0.235670121	2.231142633	0	0	0.627695476	1.157782745	2
YGR116W	0.006039937	1.585577664	0	0	2.218967608	0.665008545	24
YGR117C	0.526256099	1.711419918	0	0	0.278802858	0.775193787	2
YPR132W;YGR118W	0.108966455	1.457399476	0	0	0.962707179	0.543396378	4
YGR123C	0.006519472	1.918541124	0	0	2.185787593	0.940009689	7
YGR124W	0.070486764	1.34604672	0	0	1.151892425	0.428728485	17
YGR128C	0.566474989	0.800238048	0	0	0.24681926	-0.321498871	4
YGR130C	0.129173657	1.831943895	0	0	0.888826045	0.87337532	8
YGR135W	0.208408854	1.433893143	0	0	0.681083835	0.519937515	11
YGR145W	0.350792391	1.554541061	0	0	0.454949835	0.636488724	7
YGR148C	0.56538261	2.022660835	0	0	0.247657554	1.016254425	2
YGR155W	0.093269137	1.205742851	0	0	1.030262044	0.269922256	30
YGR159C	0.0392595	2.301626736	0	0	1.406055235	1.202653885	11
YGR162W	0.061762504	2.539598263	0	0	1.209275107	1.344600296	11
YGR165W	0.047230225	2.743565496	0	0	1.325779982	1.456052017	2
YGR167W	0.139548437	1.504520715	0	0	0.855275024	0.58930397	6
YGR169C-A	0.022342023	6.165073275	0	0	1.650877497	2.624118042	2
YGR173W	0.659073281	1.110426198	0	0	0.181066295	0.15111351	8
YGR178C	0.076325405	4.726623702	0	0	1.117330881	2.240810013	5
YGR180C	0.078172883	1.665404967	0	0	1.106943868	0.735873032	13
YGR181W	2.72826E-05	1.829914929	0	0	4.564114992	0.871776581	6
YGR184C	0.160855898	2.323529772	0	0	0.79356301	1.21631813	7
YGR185C	0.720412627	1.103502458	0	0	0.142418684	0.142089844	10
YGR186W	0.457714034	1.378054679	0	0	0.339405772	0.462633133	4
YGR187C	0.286416446	1.876046242	0	0	0.543002049	0.907695389	5
YGR189C	0.15697373	1.671087766	0	0	0.804173021	0.740787506	1
YGR192C	0.057395178	1.196209561	0	0	1.241124591	0.258470154	9
YGR194C	0.125596673	1.990177398	0	0	0.901021866	0.992897034	3
YGR200C	0.015447021	5.008359595	0	0	1.811155266	2.32433815	4
YGR204W	0.009474329	1.429614094	0	0	2.023451555	0.515625763	28
YGR207C	0.034398133	4.021803614	0	0	1.463465127	2.007842636	7
YGR208W	0.153876292	1.485125912	0	0	0.812828288	0.570585251	5
YGR209C	0.148352347	1.615107905	0	0	0.82870558	0.691630554	4
YGR210C	0.111116271	5.239488731	0	0	0.954222341	2.389426041	2
YGR211W	0.020882374	2.101215062	0	0	1.680220127	1.071223831	14
YGR218W	0.373256065	1.553370028	0	0	0.427993127	0.635401535	15
YGR224W	0.15124121	3.372091769	0	0	0.820329855	1.753643799	1
YGR229C	0.386900394	1.354736541	0	0	0.412400828	0.438012314	4
YGR232W	0.34966803	1.978590999	0	0	0.456344073	0.984473419	5
YGR234W	0.007782494	1.857929102	0	0	2.10888122	0.89369545	14
YGR240C	0.002984551	1.463832151	0	0	2.525121014	0.549750137	38
YGR244C	0.011969297	2.31432199	0	0	1.921931363	1.2105896	11
YGR245C	0.716935395	1.367007896	0	0	0.144519978	0.451021576	2
YGR250C	0.624221942	1.235054723	0	0	0.20466097	0.304574966	2
YGR253C	0.619981813	1.339682756	0	0	0.20762105	0.421891403	6
YGR254W	0.060446649	1.377616038	0	0	1.218627769	0.462173843	12
YGR261C	0.061124256	2.250646669	0	0	1.213786412	1.170339584	3
YGR264C	0.007265103	1.470876483	0	0	2.138758195	0.556676102	27
YGR266W	0.850280709	1.080129677	0	0	0.070437674	0.111204529	2
YGR267C	0.081314968	4.340536526	0	0	1.089829506	2.117873383	4
YGR271C-A	0.244668296	1.72638205	0	0	0.611422303	0.78775177	1
YGR277C	0.076404224	1.6048812	0	0	1.116882629	0.682466507	7
YGR279C	0.737946482	1.171480778	0	0	0.131975133	0.228333282	5
YGR282C	0.417429691	1.886902426	0	0	0.379416664	0.916019821	3
YGR285C	0.007122389	1.683531135	0	0	2.14737431	0.751490402	15
YHL001W	0.002003018	40.45975075	0	0	2.698315196	5.338415527	2
YHL007C	0.305048583	1.508986065	0	0	0.515630989	0.593579483	5
YHL011C	0.926650421	0.919308696	0	0	0.033084072	-0.121378708	3
YHL015W	0.039272347	1.422524371	0	0	1.405913146	0.508453369	8
YHL021C	0.850981446	1.110576831	0	0	0.070079909	0.151309204	3
YHL030W	0.398999714	1.248947351	0	0	0.399027416	0.320712662	14
YHL033C	0.213544634	1.958825678	0	0	0.670511338	0.969989014	5
YHL034C	0.037912392	2.271953422	0	0	1.421218818	1.183933258	7
YHL039W	0.014433098	6.90278256	0	0	1.840640429	2.78717804	1
YHR001W;YKR003W	0.948976089	0.948760686	0	0	0.02274473	-0.075883865	4
YHR005C-A	0.031445983	2.247940574	0	0	1.502434818	1.168603897	7
YHR008C	0.295659541	2.572397163	0	0	0.529208101	1.363113403	4
YHR009C	0.020200217	6.180845418	0	0	1.694643955	2.627804184	4
YHR012W	0.125372411	2.062529711	0	0	0.901798022	1.044414902	3
YHR013C	0.255950595	1.491641918	0	0	0.591843856	0.576901245	4
YHR015W	0.088034728	1.606579514	0	0	1.055345973	0.683992386	1
YHR016C	0.238287897	1.716687702	0	0	0.622898015	0.779627609	1
YHR018C	0.00386527	1.990403691	0	0	2.412820183	0.993061066	12
YHR019C	0.002545165	1.793819993	0	0	2.594284068	0.843035126	24
YHR020W	0.007949598	1.497370681	0	0	2.099654835	0.582431412	30
YKL156W;YHR021C	0.028784489	1.67392072	0	0	1.540841477	0.743231201	4
YHR023W	0.291047982	1.857851484	0	0	0.536035408	0.893635178	5
YHR024C	0.015584001	4.777989662	0	0	1.80732102	2.256403732	8
YHR025W	0.308638811	1.510064942	0	0	0.510549463	0.594610596	7
YHR027C	0.219822777	1.524018888	0	0	0.657927311	0.607880783	17
YHR029C	0.765650338	0.755771706	0	0	0.115969521	-0.403977585	5
YHR030C	0.224444426	3.190555269	0	0	0.648891175	1.673807526	2
YHR034C	0.034854807	1.376671466	0	0	1.457737321	0.461184311	3
YHR037W	0.018274112	1.980068979	0	0	1.738163715	0.98555069	6
YHR038W	0.428269416	1.779614914	0	0	0.368282939	0.831565094	2
YHR039C-A	0.039013539	1.439364342	0	0	1.408784655	0.525431824	5
YHR041C	0.524360414	0.628282342	0	0	0.280370102	-0.67051506	1
YHR042W	0.079197905	2.490100015	0	0	1.101286308	1.31620369	6
YHR043C;YHR044C	0.18673505	2.148151893	0	0	0.728774158	1.103096008	2
YHR046C	0.018898973	1.557349789	0	0	1.723561805	0.639093018	7
YHR047C	0.015833678	1.80306198	0	0	1.800418195	0.85044899	11
YHR049W	0.017034677	1.743435398	0	0	1.768666086	0.801932907	6
YHR051W	0.200179885	2.214606651	0	0	0.698579564	1.147050476	5
YHR052W	0.092472937	1.332563615	0	0	1.033985346	0.414204407	8
YHR055C;YHR053C	0.528483282	1.535012363	0	0	0.276968747	0.618250275	1
YHR062C	0.843099075	1.147770219	0	0	0.074121387	0.198833847	4
YHR063C	0.056462781	1.392126163	0	0	1.248237733	0.477289963	9
YHR064C	0.00039676	1.830588097	0	0	3.401472587	0.872307205	19
YHR066W;YDR312W	0.258717846	3.020549161	0	0	0.587173614	1.594810867	3
YHR068W	0.058957445	1.316911185	0	0	1.229461348	0.397158051	16
YHR069C	0.865208189	1.119558205	0	0	0.062879379	0.162929535	4
YHR070W	0.027424691	1.675112649	0	0	1.561858261	0.744258118	6
YHR074W	0.877290277	0.96432197	0	0	0.056856684	-0.052413177	8
YHR081W	0.022828348	5.10151123	0	0	1.641525525	2.350924683	3
YHR085W	0.585837418	1.36394906	0	0	0.232222893	0.447789764	1
YHR088W	0.012976618	3.07689583	0	0	1.88683848	1.621475601	7
YHR089C	0.525220075	2.112335112	0	0	0.279658682	1.07883873	3
YHR098C	0.465637925	1.174192424	0	0	0.331951654	0.231668854	15
YHR099W	0.076387886	3.650358551	0	0	1.116975509	1.868038177	4
YHR104W	0.001515256	2.136274964	0	0	2.819513857	1.095097351	13
YHR107C	0.4155942	0.703145938	0	0	0.381330522	-0.508103943	11
YHR108W	0.249872959	3.299441311	0	0	0.602280741	1.722221756	5
YHR111W	0.08161407	2.873338507	0	0	1.088234962	1.522727966	2
YHR112C	0.171481937	2.530835475	0	0	0.765781621	1.339613724	3
YHR113W	0.021844674	11.59774731	0	0	1.66065443	3.535772705	8
YHR121W	0.000586702	7.666234573	0	0	3.231582233	2.938518143	3
YHR122W	0.336462688	2.144311655	0	0	0.47306309	1.100514603	2
YHR128W	0.517862576	1.144946411	0	0	0.285785472	0.195280075	10
YHR132C	0.278958166	2.033983016	0	0	0.554460921	1.024307632	2
YHR138C	0.256172833	1.164794628	0	0	0.591466928	0.220075607	3
YNL162W;YHR141C	0.126064795	1.822006501	0	0	0.899406178	0.865528107	3
YHR143W-A	0.449805608	1.25309212	0	0	0.346975134	0.325492477	3
YHR146W	0.026526306	2.469834492	0	0	1.576323222	1.304414368	9
YHR158C	0.028703879	2.651383813	0	0	1.542059405	1.406745529	5
YHR163W	0.558724359	1.125235262	0	0	0.252802394	0.170226669	10
YHR170W	0.336383533	1.498122735	0	0	0.473165273	0.583155823	9
YHR174W	0.04451967	1.302013287	0	0	1.351448066	0.380744171	12
YHR179W;YPL171C	0.020615414	1.57362152	0	0	1.685807938	0.654088593	20
YHR183W;YGR256W	8.18453E-05	1.511816415	0	0	4.087006062	0.596282959	28
YHR187W	0.911428605	1.082018014	0	0	0.040277345	0.113724518	1
YHR193C	0.824712898	1.068719449	0	0	0.083697213	0.095883179	8
YHR196W	0.702404327	1.452476003	0	0	0.153412822	0.538514328	3
YHR197W	0.284056934	2.447324823	0	0	0.546594605	1.291205597	7
YHR200W	0.24635536	1.68198984	0	0	0.608437984	0.750168991	6
YHR201C	0.204495971	0.489802637	0	0	0.689315245	-1.029727554	6
YJR145C;YHR203C	0.077981219	1.472282717	0	0	1.108009982	0.558054733	15
YHR205W	0.819908396	1.193334733	0	0	0.086234666	0.254998779	2
YHR208W	0.001522554	1.651583015	0	0	2.81742717	0.723849487	12
YHR216W;YAR073W	0.035242887	1.672080921	0	0	1.452928523	0.741644669	2
YIL002W-A	0.410385488	1.769617897	0	0	0.386808006	0.823437881	3
YIL010W	0.953854694	1.036414171	0	0	0.020517779	0.051600647	3
YIL015W	0.034085428	1.715945707	0	0	1.467431249	0.779003906	4
YIL020C	0.398061225	1.808269463	0	0	0.400050125	0.85460968	6
YIL022W	9.22607E-05	3.613835617	0	0	4.034983225	1.853530884	6
YIL033C	0.064482823	1.389584189	0	0	1.190555959	0.474653244	8
YIL034C	0.178538724	2.366781309	0	0	0.748267574	1.242926407	5
YIL035C	0.388042689	2.299480045	0	0	0.411120494	1.201307678	3
YIL036W	0.314240536	1.976473301	0	0	0.502737793	0.982928467	6
YIL038C	0.000457342	7.493521435	0	0	3.33975926	2.905643845	9
YIL041W	0.125773696	1.142455752	0	0	0.900410176	0.19213829	10
YIL044C	0.562599331	1.196345892	0	0	0.249800789	0.258634567	3
YIL051C	0.056767094	1.286341427	0	0	1.245903339	0.363273621	6
YIL053W	0.043204743	1.290854997	0	0	1.364468578	0.36832695	11
YIL062C	0.180065596	1.327223566	0	0	0.744569257	0.408411407	3
YIL063C	0.061342617	2.465501975	0	0	1.2122377	1.301881409	5
YIL070C	1.00543E-05	10.45362216	0	0	4.997647744	3.385931015	4
YIL074C	0.182740344	1.49775676	0	0	0.738165561	0.582803345	5
YIL075C	0.022375839	1.558244445	0	0	1.650220664	0.63992157	20
YIL076W	0.778934132	1.091119487	0	0	0.108499265	0.125809097	7
YIL078W	0.005845619	1.676878189	0	0	2.23316947	0.745777893	30
YIL083C	0.02824959	6.297192903	0	0	1.548987845	2.654708862	5
YIL091C	0.920108081	0.953828879	0	0	0.036161155	-0.068197632	2
YIL093C	0.002185068	2.14317628	0	0	2.660534958	1.099750519	1
YIL094C	0.243466192	1.261569401	0	0	0.613561338	0.335219574	7
YIL106W	0.013180221	3.214829789	0	0	1.880077321	1.684742355	2
YIL109C	0.83271545	0.925643663	0	0	0.079503377	-0.111471176	12
YIL115C	0.637951202	0.918953869	0	0	0.19521254	-0.121935654	11
YIL116W	0.040944267	2.001588705	0	0	1.387806895	1.001145554	5
YIL118W	0.345637921	1.745074065	0	0	0.461378616	0.803288269	2
YIL125W	0.00051902	1.897095449	0	0	3.284815714	0.923792267	13
YIL128W	0.090978939	2.856309167	0	0	1.041059131	1.514152145	2
YIL133C	0.023716992	1.900248238	0	0	1.624940385	0.926187897	7
YIL135C	0.281360013	2.000433158	0	0	0.550737625	1.000312424	2
YIL137C	0.046430964	1.786407147	0	0	1.333192297	0.837060928	8
YIL138C	0.035475197	3.36578582	0	0	1.450075179	1.750943375	10
YIL140W	0.330206566	1.440216733	0	0	0.481214295	0.526285934	1
YIL142W	0.246670038	0.700797953	0	0	0.607883599	-0.512929535	19
YKR094C;YIL148W;YLL039C	0.219428767	3.526538879	0	0	0.658706437	1.818252945	2
YIL149C	0.744524319	1.887350014	0	0	0.128121112	0.916362	1
YIL162W	0.182695167	3.4782407	0	0	0.738272942	1.798357773	4
YIR001C	0.128851869	5.979466245	0	0	0.889909279	2.580016708	2
YIR003W	0.481840288	0.66100856	0	0	0.317096891	-0.59725914	4
YIR006C	0.029591815	3.918446997	0	0	1.528828391	1.970281982	17
YIR008C	0.771559986	0.7085481	0	0	0.112630303	-0.497062302	4
YIR026C	0.646532754	1.425904203	0	0	0.189409468	0.51187706	4
YIR034C	0.014743357	13.06756607	0	0	1.831403605	3.707918549	4
YIR035C	0.289293752	1.233585721	0	0	0.538660946	0.302857971	3
YIR036C	0.712563009	1.253332693	0	0	0.147176727	0.325769424	5
YIR037W	0.649052688	0.860382541	0	0	0.187720047	-0.216949844	5
YIR038C	0.130835349	3.547182377	0	0	0.883274901	1.826673508	3
YJL001W	0.746709	0.724525023	0	0	0.126848614	-0.464892578	6
YJL008C	0.106153708	1.197848143	0	0	0.974064833	0.260445023	19
YJL010C	0.007651625	6.511581086	0	0	2.116246332	2.703007889	3
YJL014W	0.228330906	1.319845687	0	0	0.6414353	0.400369263	15
YJL020C	0.101337931	1.845769027	0	0	0.994227968	0.884222031	11
YJL026W	0.004164549	1.888614514	0	0	2.38043203	0.917328262	13
YJL034W	0.392460705	0.923101965	0	0	0.406203821	-0.11543808	22
YJL039C	0.961209105	1.041812581	0	0	0.017182124	0.059095764	2
YJL041W	0.203555032	0.78792271	0	0	0.691318157	-0.343873978	24
YJL050W	0.095358901	1.404512984	0	0	1.020638762	0.490069962	9
YJL052W	0.055173847	1.993203953	0	0	1.258266734	0.99508934	5
YJL055W	0.25670094	3.973052139	0	0	0.590572541	1.990247726	4
YJL060W	0.282401934	1.189483858	0	0	0.549132333	0.250335693	6
YJL068C	0.583438556	1.125752486	0	0	0.234004874	0.170889664	7
YJL074C	0.056483051	3.521892654	0	0	1.248081853	1.816350937	4
YJL076W	0.253945889	2.42351777	0	0	0.595258813	1.277102661	4
YJL080C	0.021847293	1.500783097	0	0	1.660602374	0.585715485	30
YJL087C	0.000186878	10.16562104	0	0	3.728441924	3.34562645	4
YJL088W	0.117111716	2.536965977	0	0	0.931399654	1.343104172	3
YJL101C	0.140159224	2.721263783	0	0	0.853378315	1.44427681	4
YJL109C	0.213292105	2.213503118	0	0	0.671025219	1.146331406	9
YJL111W	0.084268566	1.509071453	0	0	1.074334398	0.593661118	13
YJL115W	0.417479241	1.149896902	0	0	0.379365115	0.201504517	3
YJL121C	0.75012711	1.298688778	0	0	0.124865139	0.37705574	5
YJL122W	0.284895182	1.324970006	0	0	0.545314895	0.405959702	5
YJL123C	0.550477607	1.245455331	0	0	0.259260343	0.316673279	11
YJL130C	0.000240052	1.628768006	0	0	3.619694591	0.703781128	67
YJL136C	0.098446144	1.3938245	0	0	1.006801289	0.47904892	1
YKR059W;YJL138C	0.00352499	1.361633143	0	0	2.452842145	0.445338058	18
YJL140W	0.602295819	0.777787384	0	0	0.220190152	-0.362552261	3
YJL145W	0.801856073	1.152100024	0	0	0.095903577	0.204265976	4
YJL158C	0.397591165	1.442886429	0	0	0.400563275	0.528957748	1
YJL164C;YKL166C;YPL203W	0.560055986	1.380176261	0	0	0.251768556	0.464852524	4
YJL167W	0.015741628	1.629798926	0	0	1.802950366	0.704693985	13
YJL172W	0.685559951	0.782427869	0	0	0.163954561	-0.353970337	7
YJL173C	0.25799316	1.416756386	0	0	0.588391808	0.502591705	2
YJL176C	0.676312199	0.815546565	0	0	0.169852779	-0.294160843	4
YJL177W	0.55508133	0.911274043	0	0	0.25564338	-0.134043121	1
YJL178C	0.261346622	2.866389866	0	0	0.582783108	1.519234848	3
YJL179W	0.04598371	5.809521503	0	0	1.337395988	2.538419342	3
YJL184W	0.450671323	1.806472577	0	0	0.346140076	0.853175354	3
YJL189W	0.086413579	1.620071099	0	0	1.063418007	0.696057129	2
YJL191W;YCR031C	0.04585316	1.622147884	0	0	1.338630732	0.69790535	9
YJL200C	0.038519194	1.945810234	0	0	1.414322804	0.960371017	11
YJL204C	0.216028538	1.975048139	0	0	0.665488874	0.981887817	1
YJL217W	0.101507456	2.907448673	0	0	0.993502055	1.539753723	3
YJR002W	0.197233358	0.472574166	0	0	0.70501963	-1.081387329	5
YJR005W	0.679902211	1.28085466	0	0	0.167553546	0.357106781	1
YJR007W	0.081238991	1.49747323	0	0	1.090235478	0.582530212	11
YJR009C	0.834116242	0.725152319	0	0	0.078773422	-0.463644028	4
YJR014W	0.164191072	3.794847073	0	0	0.784650461	1.924041748	3
YJR016C	0.359727471	1.163553479	0	0	0.444026395	0.218537521	19
YJR017C	0.305392939	2.347057638	0	0	0.515141008	1.230853271	2
YJR024C	0.646213227	1.52636761	0	0	0.189624157	0.610102463	3
YJR025C	0.02368672	2.44439453	0	0	1.625495074	1.289477158	6
YJR032W	0.851057149	0.859435762	0	0	0.070041276	-0.218538284	2
YJR041C	0.971699308	1.016523717	0	0	0.012468106	0.023643875	4
YJR042W	0.449056184	1.470257062	0	0	0.347699318	0.55606842	3
YJR045C;YEL030W	1.86873E-06	2.350236001	0	0	5.728453696	1.232805634	32
YJR048W;YEL039C	0.006650555	3.496998673	0	0	2.177142079	1.806117249	2
YJR049C	0.210708786	1.852612408	0	0	0.676317355	0.889561081	4
YJR051W	0.052950893	2.797909038	0	0	1.276126712	1.48434906	1
YJR059W	0.154505057	0.395163422	0	0	0.811057301	-1.339478683	4
YJR060W	0.07493334	1.86965755	0	0	1.125324908	0.902774048	7
YJR062C	0.16531466	1.27468971	0	0	0.781688632	0.350146103	1
YJR063W	0.998805936	1.001223931	0	0	0.000518885	0.001764679	1
YJR064W	0.782529297	1.106120804	0	0	0.106499394	0.145508957	14
YJR065C	0.037946179	1.951275204	0	0	1.420831951	0.964417267	9
YJR069C	0.148239626	4.933261396	0	0	0.82903569	2.302541733	7
YJR070C	0.003345493	1.870425951	0	0	2.475539827	0.903366852	13
YJR072C	0.216865005	1.237707002	0	0	0.663810524	0.30766983	5
YJR074W	0.772515197	1.347065376	0	0	0.112092968	0.42981987	2
YJR076C	0.008305632	2.066920187	0	0	2.080627296	1.047482681	5
YJR091C	0.176371014	0.670619723	0	0	0.753572788	-0.576433182	3
YPR043W;YJR094W-A	0.391706189	1.187639389	0	0	0.407039566	0.248096848	7
YJR097W	0.5629184	1.310358894	0	0	0.249554556	0.389962006	1
YJR099W	0.037858225	2.747563399	0	0	1.421839752	1.458152771	1
YJR101W	0.006825088	4.694681294	0	0	2.165891735	2.231027222	1
YJR103W	0.621425343	1.246726482	0	0	0.206611039	0.318144989	5
YJR104C	0.031531729	1.253388701	0	0	1.501252214	0.325833893	10
YJR105W	0.297719968	1.171206676	0	0	0.526192036	0.227995682	12
YJR109C	0.338711579	1.132166628	0	0	0.470169957	0.179086304	27
YJR121W	0.016659986	1.345950982	0	0	1.778325372	0.42862587	14
YJR123W	0.003729436	1.544649664	0	0	2.428356832	0.627279663	13
YJR125C	0.751547908	1.088916935	0	0	0.12404333	0.122893906	2
YJR132W	0.100865534	3.380445085	0	0	0.996257208	1.757213211	3
YJR133W	0.201033342	5.090525377	0	0	0.696731908	2.34781456	2
YJR135W-A	0.042885971	5.078968218	0	0	1.367684753	2.344535446	4
YJR137C	0.716776708	0.81753462	0	0	0.144616116	-0.29064827	4
YJR139C	0.120238521	1.330012935	0	0	0.919956374	0.411440277	18
YJR142W	0.291475886	0.476208029	0	0	0.535397369	-1.070336151	3
YJR144W	0.002590641	4.754983662	0	0	2.586592828	2.249440384	6
YJR148W	0.010790999	3.785300586	0	0	1.96693836	1.920407867	6
YKL006W	0.198675634	7.001548476	0	0	0.701855392	2.807674026	2
YKL007W	0.004814987	3.26289882	0	0	2.317404853	1.706154251	3
YKL009W	0.82029492	1.124479199	0	0	0.086029978	0.169256973	7
YKL010C	0.07133541	0.395605022	0	0	1.146694841	-1.337867355	3
YKL013C	0.144644746	1.25935306	0	0	0.839697338	0.3326828	2
YKL014C	0.088304609	3.846642357	0	0	1.054016626	1.943599701	8
YKL018W	0.123701767	0.751906383	0	0	0.907624097	-0.411375046	3
YKL021C	0.015980022	3.404832548	0	0	1.796422624	1.767583847	5
YKL024C	0.15373504	1.899668998	0	0	0.813227135	0.925748062	5
YKL028W	0.046851744	3.087987736	0	0	1.329274239	1.626667023	2
YKL029C	0.213626069	1.426162115	0	0	0.67034575	0.512137985	11
YKL033W-A	0.127184984	1.632352105	0	0	0.89556416	0.706952286	7
YKL035W	0.965197713	0.989515516	0	0	0.015383716	-0.015205765	17
YKL040C	0.079029889	3.223275892	0	0	1.102208629	1.688527679	7
YKL053C-A	0.125670957	3.59120669	0	0	0.900765078	1.844468689	1
YKL054C	0.024666856	6.534617533	0	0	1.607886209	2.708102798	6
YKL056C	0.017446145	1.663264005	0	0	1.758300528	0.734017181	10
YKL057C	0.198594974	1.900580891	0	0	0.702031748	0.92644043	5
YKL060C	0.029116233	1.206033328	0	0	1.535864818	0.270269775	19
YKL067W	0.017440767	1.436067276	0	0	1.758434414	0.522123337	9
YKL073W	0.79226049	1.150750077	0	0	0.101132002	0.202574539	5
YKL079W	0.036909227	4.152036928	0	0	1.432865055	2.053819275	4
YKL080W	0.031169987	1.589821532	0	0	1.506263385	0.668864822	12
YKL081W	0.000511841	1.611961846	0	0	3.290865018	0.688817596	15
YKL085W	0.205125639	1.285966661	0	0	0.687980053	0.362853241	11
YKL103C	0.229822975	1.400217571	0	0	0.638606558	0.485651016	8
YKL104C	0.310819039	1.104683057	0	0	0.507492387	0.143632507	22
YKL117W	0.337969282	1.119275534	0	0	0.47112277	0.162565231	6
YKL122C	0.029437542	11.41508156	0	0	1.531098463	3.512869263	3
YKL126W	0.133682229	1.8370162	0	0	0.873926323	0.877364349	6
YKL127W	0.376909848	1.248525045	0	0	0.423762515	0.320224762	14
YKL128C	0.886668273	0.898344515	0	0	0.052238831	-0.154659271	3
YKL130C	0.820358735	0.851996478	0	0	0.085996193	-0.231080627	1
YKL142W	0.0006069	1.873526493	0	0	3.216883213	0.905756378	12
YKL143W	0.034049184	2.851477393	0	0	1.46789329	1.511709595	3
YKL145W	0.07620841	2.293993782	0	0	1.117997097	1.197861481	10
YKL150W	0.008515522	1.805092196	0	0	2.069788701	0.852072525	3
YKL152C	0.020812823	1.238423271	0	0	1.681669012	0.308504486	14
YKL155C	0.024143769	3.228053057	0	0	1.61719493	1.690664291	2
YKL157W	0.017507111	1.317605003	0	0	1.756785507	0.397917938	26
YKL160W	0.866635465	1.136004045	0	0	0.062163542	0.183967972	3
YKL172W	0.157417439	2.245298882	0	0	0.802947157	1.166907501	6
YKL180W	0.469047935	5.154933537	0	0	0.328782772	2.365953827	1
YKL181W	0.031027908	2.183502427	0	0	1.508247512	1.126644135	9
YKL182W	0.05943662	1.217672277	0	0	1.225945893	0.2841259	77
YKL184W	0.063323019	2.881264524	0	0	1.19843839	1.526702118	6
YKL191W	0.117190924	2.213770023	0	0	0.931106023	1.146505356	4
YKL192C	0.169617239	5.084545879	0	0	0.77053001	2.346118927	2
YKL193C	0.27957788	1.376310778	0	0	0.553497192	0.460806274	6
YKL195W	0.404090526	1.923307956	0	0	0.393521332	0.943589783	2
YKL196C	0.757547011	1.087444328	0	0	0.120590411	0.120941544	7
YKL204W	0.11793985	1.443475617	0	0	0.92833943	0.529546738	7
YKL205W	0.141980907	1.307741099	0	0	0.847770053	0.38707695	4
YKL210W	0.057781161	1.398264448	0	0	1.238213735	0.483637238	38
YKL211C	0.053912736	1.674718935	0	0	1.268308624	0.743918991	9
YKL213C	0.446526687	1.283211985	0	0	0.35015258	0.359759521	5
YKL215C	0.124994226	1.617230924	0	0	0.903110047	0.693525696	12
YKL216W	0.738779785	1.054300638	0	0	0.131484996	0.076286316	9
YKR001C	0.013548243	1.555983259	0	0	1.868117025	0.637826538	22
YKR002W	0.716219609	1.370658778	0	0	0.144953793	0.454869461	4
YKR006C	0.015512715	3.121735879	0	0	1.809312185	1.64234848	2
YKR014C;YOR089C;YNL093W	0.590686308	1.12504129	0	0	0.228643096	0.169977951	6
YKR018C	0.362115145	1.747019586	0	0	0.441153311	0.804895782	10
YKR026C	0.904578325	1.131558489	0	0	0.043553823	0.178311157	2
YKR028W	0.357455567	2.604554051	0	0	0.446777935	1.381036377	3
YKR035W-A	0.001321813	16.17307818	0	0	2.878830145	4.015522385	1
YKR038C	0.986234702	1.009855121	0	0	0.00601972	0.014148331	3
YKR042W;YJL116C	0.527880731	1.656776135	0	0	0.277464191	0.728378677	4
YKR043C	0.049300024	1.475235738	0	0	1.307152868	0.560945511	7
YKR048C	0.037475477	1.629839004	0	0	1.426252826	0.704729462	11
YKR057W	0.105769984	1.970479726	0	0	0.975637563	0.978546906	1
YKR062W	0.277490417	0.374788948	0	0	0.55675201	-1.415849686	2
YKR066C	0.231023649	1.297821659	0	0	0.636343561	0.376092148	6
YKR068C	0.049907982	2.872967012	0	0	1.301829987	1.522541428	2
YKR070W	0.884501456	1.12694795	0	0	0.053301448	0.172420883	5
YKR071C	0.115899814	2.405601172	0	0	0.935917262	1.266397476	8
YKR072C	0.069506266	2.178136212	0	0	1.15797604	1.123094177	2
YKR074W	0.506830203	1.166226732	0	0	0.295137513	0.221848297	4
YKR079C	0.004795228	9.176232315	0	0	2.319190726	3.197901917	3
YKR081C	0.467118455	1.349477116	0	0	0.330572975	0.432400513	2
YKR082W	0.375185357	1.465557901	0	0	0.42575412	0.551449966	9
YKR084C	0.889540542	0.904214105	0	0	0.050834254	-0.145263672	4
YKR092C	0.036525523	4.420974913	0	0	1.437403559	2.144364548	2
YKR095W	0.754650079	1.117074628	0	0	0.122254378	0.159725571	17
YKR095W-A	0.153909283	0.359312646	0	0	0.812735186	-1.476688385	2
YLL001W	0.00506655	2.042859603	0	0	2.295287683	1.030590057	10
YLL008W	0.093489325	2.162798135	0	0	1.029237978	1.112899017	11
YLL009C	0.003800553	11.88066802	0	0	2.420153193	3.570544052	2
YLL011W	0.520248182	1.655661607	0	0	0.283789428	0.727407837	1
YLL018C	0.010539504	1.731174892	0	0	1.977179841	0.79175148	27
YLL021W	0.068997279	2.781963694	0	0	1.161168037	1.476103592	5
YLL024C	0.00648864	1.413081355	0	0	2.187846342	0.498844528	10
YLL026W	0.012322574	1.508323874	0	0	1.90929858	0.592946243	22
YLL034C	0.157056374	1.829796388	0	0	0.803944432	0.871683121	4
YLL036C	0.069341987	2.007364783	0	0	1.159003719	1.005302811	4
YLL040C	0.046408699	0.071580156	0	0	1.333400608	-3.804296494	7
YLL045C	0.138888172	1.733354227	0	0	0.857334737	0.793566513	4
YLL050C	0.01018706	1.493182102	0	0	1.991951146	0.578390121	5
YLR002C	0.570399154	1.756888475	0	0	0.243821127	0.813022614	6
YLR009W	0.015784868	1.804310559	0	0	1.801759042	0.851447678	3
YLR017W	0.286590777	1.981057182	0	0	0.54273779	0.986270523	5
YLR022C	0.721980162	0.724844832	0	0	0.141474736	-0.464255905	5
YLR025W	0.41747679	1.528725612	0	0	0.379367664	0.612329483	3
YLR027C	0.0258537	1.218143733	0	0	1.587477292	0.284684372	16
YLR028C	0.225713464	1.295848257	0	0	0.646442534	0.37389679	14
YLR029C;YMR121C	0.004116015	1.334753149	0	0	2.385523073	0.416572952	9
YLR038C	0.011925049	1.727907826	0	0	1.923539839	0.78902626	2
YLR043C	0.046310806	1.693789144	0	0	1.334317656	0.760254288	4
YLR044C;YLR134W;YDL080C	0.024616802	1.249096298	0	0	1.608768362	0.320884705	24
YLR048W	0.014120753	35.22277104	0	0	1.850142138	5.138436508	2
YLR058C	0.026159033	1.254938026	0	0	1.582378306	0.327616119	23
YLR059C	0.030146975	1.572156738	0	0	1.520756252	0.652745056	1
YLR060W	0.010555225	1.381546921	0	0	1.976532498	0.466284561	17
YLR061W	0.253945644	1.259793019	0	0	0.595259232	0.333186722	3
YLR069C	3.9501E-05	9.410160699	0	0	4.403392101	3.23421936	6
YLR074C	0.282302552	2.191125755	0	0	0.549285196	1.131672287	3
YLR075W	0.099774251	1.323271589	0	0	1.000981526	0.404109192	17
YLR089C	0.151100017	2.543863223	0	0	0.820735488	1.347021103	5
YLR106C	0.011736445	2.129261309	0	0	1.930463435	1.090353012	26
YLR109W	6.30329E-05	1.472125062	0	0	4.200432829	0.557900238	10
YLR110C	0.083495249	1.78288923	0	0	1.078338236	0.834217072	1
YLR113W	0.901831774	1.123146172	0	0	0.044874467	0.1675457	5
YLR114C	0.276178208	2.16894766	0	0	0.558810593	1.116995239	5
YLR133W	0.202642534	0.319661252	0	0	0.693269392	-1.645384216	6
YLR143W	0.718328818	1.212852607	0	0	0.14367671	0.278404236	2
YLR150W	0.019443611	1.758751831	0	0	1.711223077	0.814551926	14
YLR153C;YAL054C	0.131058173	1.359000948	0	0	0.88253589	0.442546463	24
YLR163C	0.111429778	1.840155264	0	0	0.952998733	0.879827499	4
YLR166C	0.970639253	0.967924934	0	0	0.01294215	-0.047032928	1
YLR167W	0.072901605	5.623680324	0	0	1.137262911	2.491514587	3
YLR172C	0.135132286	1.127871176	0	0	0.869240877	0.173602295	4
YLR175W	0.151427311	1.32023242	0	0	0.81979579	0.400791931	10
YLR178C	0.846258868	0.874150967	0	0	0.072496767	-0.194045639	3
YLR179C	0.000487147	1.727639199	0	0	3.312340233	0.788801956	7
YLR180W	0.018382971	1.806985176	0	0	1.735584297	0.853584671	6
YLR185W	0.249156973	0.589567491	0	0	0.603526954	-0.762271118	5
YLR186W	0.028363746	1.329459514	0	0	1.547236405	0.410839844	3
YLR192C	0.075959767	1.600003463	0	0	1.119416377	0.678075027	10
YLR195C	0.443238992	1.337607858	0	0	0.353362042	0.419655228	6
YLR196W	0.073971323	2.577365224	0	0	1.130936614	1.365896988	11
YLR197W	0.129558779	1.285379906	0	0	0.887533152	0.362194824	17
YLR200W	0.020700968	6.1431008	0	0	1.684009356	2.618967056	5
YLR206W	0.151490834	0.406031173	0	0	0.819613644	-1.300337601	4
YLR208W	0.081403195	1.517844184	0	0	1.089358551	0.602023697	9
YLR209C	0.274167942	4.312319437	0	0	0.561983328	2.10846405	3
YLR216C	0.760041535	1.092444253	0	0	0.119162674	0.127559662	13
YLR222C	0.555515665	1.668339008	0	0	0.25530369	0.738412476	3
YLR229C	0.515937942	1.468217889	0	0	0.287402533	0.554066086	2
YLR231C	0.859715662	1.215861897	0	0	0.065645161	0.28197937	3
YLR244C	0.67212822	0.85126103	0	0	0.17254787	-0.232326508	7
YLR248W	0.056092562	2.567091799	0	0	1.251094726	1.360134888	8
YLR249W	0.001674933	1.605932245	0	0	2.776002634	0.683411026	38
YLR257W	0.453661145	1.702870079	0	0	0.343268416	0.767968369	10
YLR259C	2.56369E-05	2.971434839	0	0	4.591135114	1.571159744	34
YLR262C-A	0.029547645	12.61387887	0	0	1.52947713	3.656940079	4
YOR167C;YLR264W	0.175968021	1.660929912	0	0	0.754566249	0.731991196	4
YLR270W	0.071293862	1.356321481	0	0	1.146947856	0.439699173	3
YLR274W	0.893111318	1.10189183	0	0	0.049094407	0.139982605	5
YLR275W	0.705199662	0.697181526	0	0	0.151687905	-0.520393753	1
YLR276C	0.010000929	2.751883631	0	0	1.999959656	1.460419464	6
YLR287C	0.324435272	2.120252028	0	0	0.488871937	1.084235764	3
YOR182C;YLR287C-A	0.500313153	0.43090803	0	0	0.30075808	-1.214548111	5
YLR291C	0.002425622	4.054065806	0	0	2.615176936	2.019369507	2
YLR293C	0.841760256	0.762177905	0	0	0.074811583	-0.391800308	1
YLR300W	0.088784757	2.656456657	0	0	1.051661589	1.409503174	7
YLR301W	0.708658657	1.066247432	0	0	0.149562903	0.092542267	12
YLR304C	0.014651368	2.88333521	0	0	1.834121809	1.527738571	22
YLR309C	0.637202402	1.411015893	0	0	0.195722595	0.496734238	5
YLR314C	0.074185154	2.162780979	0	0	1.129683	1.112887573	7
YLR319C	0.983482687	1.010386898	0	0	0.007233281	0.014907837	3
YLR325C	0.268492604	1.551879369	0	0	0.571067673	0.634016418	4
YLR328W;YGR010W	0.1445028	0.305804482	0	0	0.840123737	-1.709318542	3
YLR330W	0.035698165	2.4644663	0	0	1.447354104	1.301275253	4
YLR335W	0.53833763	1.169521968	0	0	0.268945262	0.225918961	19
YLR337C	0.525029764	1.365998358	0	0	0.279816076	0.44995575	3
YLR340W	0.003309071	1.356777378	0	0	2.480293941	0.440184021	10
YLR342W;YGR032W;YMR306W	0.016701079	2.933246357	0	0	1.777255481	1.552498245	10
YLR344W	0.400336524	0.359849839	0	0	0.397574786	-1.474533081	2
YLR347C	0.22111804	1.562648174	0	0	0.655375825	0.643992996	8
YLR351C	0.131803921	2.020389121	0	0	0.880071669	1.014633179	4
YLR354C	0.469704198	1.110857011	0	0	0.328175558	0.151673126	18
YLR355C	0.013905624	1.487083971	0	0	1.856809505	0.572486115	21
YLR359W	0.082469463	1.514613627	0	0	1.083706835	0.598949814	14
YLR367W;YJL190C	0.0061691	1.340043767	0	0	2.20977822	0.422280121	7
YLR380W	0.131038438	2.529142991	0	0	0.882601293	1.338648605	5
YLR384C	0.042064728	1.524767393	0	0	1.376081918	0.608589172	14
YLR387C	0.161403999	0.654182523	0	0	0.79208571	-0.612234879	5
YLR388W	0.235867112	1.28523003	0	0	0.62733261	0.362026596	4
YLR389C	0.040294695	2.120719641	0	0	1.394752126	1.084553909	9
YLR390W-A	0.929958009	1.027478007	0	0	0.031536661	0.039107513	2
YLR401C	0.662285252	1.581128967	0	0	0.178954916	0.660955048	6
YLR406C;YDL075W	0.01985049	1.476149184	0	0	1.702228768	0.561838531	7
YLR410W	0.312768061	1.955392661	0	0	0.504777602	0.967458344	7
YLR418C	0.252919314	1.297712537	0	0	0.597018005	0.37597084	6
YLR419W	0.270811748	2.548529529	0	0	0.567332499	1.34966507	3
YLR420W	0.310005444	1.488895004	0	0	0.50863068	0.57424202	9
YLR421C	0.04894254	11.42601309	0	0	1.310313499	3.514250183	2
YLR429W	0.238919306	1.412208803	0	0	0.621748756	0.497953415	18
YLR432W	0.537142244	2.404510549	0	0	0.26991069	1.265743256	6
YLR433C	0.262766959	2.799790262	0	0	0.580429246	1.485318756	4
YLR438W	0.490145543	1.155856156	0	0	0.309674942	0.208961868	8
YLR441C	0.77896791	1.104570022	0	0	0.108480433	0.143484879	4
YLR447C	0.395416689	1.26676118	0	0	0.402945005	0.341144562	4
YLR448W	0.456214257	1.330582419	0	0	0.340831147	0.412057877	7
YLR449W	0.03267104	1.490691688	0	0	1.485837044	0.575981903	3
YML001W	0.68666779	1.139914448	0	0	0.163253324	0.188925552	4
YML004C	0.386478551	1.35650332	0	0	0.412874604	0.439892578	4
YML007W	0.03574156	5.909565198	0	0	1.446826491	2.563051987	3
YML008C	0.276016796	1.200267539	0	0	0.55906449	0.263356018	8
YML010W	0.09361755	2.446161598	0	0	1.02864273	1.290519714	15
YML017W	0.122247079	2.580338248	0	0	0.912761509	1.367560196	4
YML022W	0.000565159	1.756584223	0	0	3.247829104	0.812772751	7
YML025C	0.027222514	3.756183191	0	0	1.565071767	1.909267426	3
YML028W;YDR453C	0.015189909	1.536183772	0	0	1.818444834	0.619350815	11
YML035C	0.005554447	2.075693523	0	0	2.255359172	1.053593445	7
YML036W	0.087404149	1.651679093	0	0	1.058467953	0.723933411	5
YML056C;YAR075W	0.055186988	1.831315745	0	0	1.258163306	0.872880554	9
YML058W	0.750559147	1.13429559	0	0	0.124615078	0.181796646	3
YML063W	0.690025457	1.223002215	0	0	0.161134887	0.290427017	4
YML069W	0.082485844	2.897159227	0	0	1.083620579	1.534638977	6
YML070W	0.983525266	1.005637286	0	0	0.007214479	0.008110046	16
YML073C	0.045579106	1.249327515	0	0	1.341234201	0.321151733	6
YML074C	0.003875691	1.2863217	0	0	2.411650871	0.363251495	6
YML078W	0.019360722	3.946921342	0	0	1.713078449	1.980727768	4
YML079W	0.404410426	0.590861708	0	0	0.393177657	-0.75910759	3
YML080W	0.077906224	0.197755811	0	0	1.108427847	-2.338208008	1
YML082W	0.289811771	2.43283255	0	0	0.537883979	1.282637024	4
YML085C	0.034580194	1.384230104	0	0	1.461172576	0.469083786	7
YML086C	0.740592788	0.930647669	0	0	0.130420521	-0.103693008	3
YML092C	0.283569993	1.739760577	0	0	0.547339727	0.798888779	7
YML093W	0.161772817	2.458950476	0	0	0.791094453	1.298042679	5
YML094W	0.204661934	1.188669538	0	0	0.688962926	0.249347687	4
YML100W	0.126242162	0.307253099	0	0	0.898795577	-1.702500534	16
YML103C	0.15040248	1.727538247	0	0	0.822745003	0.788717651	7
YML105C	0.410610861	0.562722371	0	0	0.386569567	-0.829504776	6
YML106W;YMR271C	0.688448001	0.882947913	0	0	0.162128856	-0.179599762	9
YML110C	0.171869098	1.520730957	0	0	0.764802203	0.604764938	2
YML124C;CON__ENSEMBL:ENSBTAP00000016242	0.517130983	1.181371945	0	0	0.286399441	0.240463257	6
YML126C	0.013206862	1.410940903	0	0	1.879200345	0.496657562	17
YMR009W	0.030880489	2.63281136	0	0	1.510315832	1.396604156	3
YMR012W	0.000612587	2.022789196	0	0	3.212832225	1.016345978	29
YMR027W	0.372325608	1.526086735	0	0	0.429077092	0.60983696	12
YMR031C	0.911255489	1.073594388	0	0	0.040359843	0.102449036	8
YMR033W	0.866438131	0.919007813	0	0	0.062262443	-0.121850967	1
YMR038C	0.144953506	1.663668222	0	0	0.838771276	0.734367752	6
YMR039C	0.32716571	2.134716513	0	0	0.485232221	1.094044495	5
YMR049C	0.016502915	1.402227183	0	0	1.782439336	0.487720108	11
YMR058W	0.294415932	2.228421099	0	0	0.531038692	1.156021881	2
YMR062C	0.028272994	1.726713944	0	0	1.548628205	0.788029099	10
YMR070W	0.531911482	1.339810285	0	0	0.274160635	0.422028732	1
YMR072W	0.74910507	0.790076951	0	0	0.125457264	-0.339934921	5
YMR074C	0.166268313	1.869857779	0	0	0.77919051	0.902928543	7
YMR076C	0.959802428	1.028760594	0	0	0.017818156	0.040907288	3
YMR079W;YKL091C	0.032311196	1.734049645	0	0	1.490646971	0.794145203	12
YMR080C	0.010181616	6.651893313	0	0	1.992183289	2.73376503	7
YMR083W	0.003411834	2.2201948	0	0	2.46701215	1.150686264	11
YMR086W	0.927797272	0.973694939	0	0	0.032546909	-0.038458252	1
YMR091C	0.009569077	2.232675251	0	0	2.019129953	1.158773422	3
YMR092C	0.058475298	1.814435436	0	0	1.233027555	0.859520721	11
YMR093W	0.717553426	1.203321009	0	0	0.144145758	0.267021561	2
YMR099C	0.84715004	1.038784335	0	0	0.072039664	0.054896164	15
YMR104C	0.003868581	1.301066885	0	0	2.412448325	0.379695129	1
YMR105C	0.272564593	0.555724514	0	0	0.564530561	-0.847558212	5
YMR108W	0.16530747	1.267885772	0	0	0.781707521	0.342424774	18
YMR109W	0.689414687	1.086724575	0	0	0.161519469	0.119986343	12
YMR113W	0.324644923	1.944167612	0	0	0.488591385	0.959152603	2
YMR116C	0.060000718	1.426414416	0	0	1.221843549	0.512393188	15
YMR120C	0.825925216	0.956557359	0	0	0.083059275	-0.064076614	12
YMR125W	0.079535175	1.812158949	0	0	1.099440762	0.857709503	8
YMR128W	0.228674181	1.890021284	0	0	0.640782867	0.918402481	6
YMR130W	0.311027905	0.538600973	0	0	0.507200645	-0.892711258	3
YMR131C	0.294226545	1.587989765	0	0	0.531318148	0.667201614	9
YMR142C;YDL082W	0.009722651	1.730801867	0	0	2.012215296	0.791440582	11
YMR146C	0.398463977	1.365954655	0	0	0.399610935	0.449909592	13
YMR158W	0.000689549	8.365242416	0	0	3.161434878	3.064407349	2
YMR170C;YMR169C	0.806472551	1.086080537	0	0	0.09341041	0.119131088	7
YMR173W	0.057255654	3.2690898	0	0	1.242181619	1.708889008	5
YMR178W	0.815997165	1.106253595	0	0	0.08831135	0.145682144	6
YMR186W	0.03484382	1.847079902	0	0	1.457874238	0.885246277	12
YMR188C	0.040325658	3.364600598	0	0	1.394418536	1.750435257	4
YMR189W	0.622635511	0.835190249	0	0	0.205766114	-0.259823227	11
YMR194W	0.807450642	0.858624872	0	0	0.092884016	-0.219900131	2
YMR197C	0.638208372	0.868246001	0	0	0.195037503	-0.203824234	1
YMR205C	0.027366508	1.479133426	0	0	1.562780609	0.564752197	30
YMR208W	0.859389184	1.050142881	0	0	0.065810116	0.070585632	7
YMR215W	0.155146651	3.19860858	0	0	0.809257596	1.677444458	8
YMR217W	0.001274151	1.382739414	0	0	2.894779266	0.467529297	22
YMR220W	0.768291809	1.179593389	0	0	0.114473797	0.238289642	4
YMR222C	0.013485597	4.053115094	0	0	1.870129825	2.019031143	2
YMR226C	0.634905754	1.062969389	0	0	0.197290737	0.088100052	11
YMR229C	0.068988122	1.734468313	0	0	1.161225677	0.794493484	31
YMR230W	0.363963532	0.537259114	0	0	0.438942129	-0.896310043	1
YMR235C	0.078733302	1.626604465	0	0	1.103841532	0.70186348	16
YOR312C;YMR242C	0.012245136	1.395018738	0	0	1.912036388	0.4802845	12
YMR246W	0.710123129	1.260136167	0	0	0.148666342	0.333579636	6
YMR250W	0.552503451	1.450238681	0	0	0.257665005	0.536290359	2
YMR260C	0.23550386	2.659229095	0	0	0.62800197	1.411008072	5
YMR261C	0.762230944	1.10663129	0	0	0.117913424	0.146174622	10
YMR276W	0.184026443	3.119004067	0	0	0.735119768	1.641085434	6
YMR278W	0.483278921	0.345530232	0	0	0.315802147	-1.53311615	4
YMR285C	0.256518995	1.907495343	0	0	0.59088047	0.931679535	4
YMR289W	0.227515678	2.288294305	0	0	0.642988671	1.194272614	2
YMR290C	0.013331214	2.307549169	0	0	1.875130302	1.206361389	11
YMR291W	0.551923814	1.15102761	0	0	0.258120867	0.20292244	1
YMR295C	0.336754602	2.039644391	0	0	0.472686461	1.028317642	2
YMR297W	0.262993517	2.456563515	0	0	0.580054957	1.296641541	3
YMR300C	0.173838595	1.234600226	0	0	0.759853797	0.304043961	11
YMR304W	0.066365462	3.606860146	0	0	1.178057878	1.850743484	5
YMR305C	0.06466028	1.829185903	0	0	1.189362417	0.871201706	4
YMR307W	0.427113012	2.396929945	0	0	0.369457197	1.261187744	5
YMR308C	0.029908237	3.305231407	0	0	1.524209185	1.724751282	6
YMR309C	0.357435277	1.216592224	0	0	0.446802587	0.282845688	13
YMR311C	0.62589033	0.71291685	0	0	0.203501758	-0.488194275	6
YMR314W	0.737918317	1.115909997	0	0	0.131991709	0.158220673	10
YMR315W	0.007244696	1.747430297	0	0	2.139979818	0.805234909	8
YMR318C	0.021663161	1.542183504	0	0	1.66427818	0.624974442	12
YNL001W	0.557668152	1.53390755	0	0	0.253624157	0.617211533	3
YNL002C	0.840144826	1.208688159	0	0	0.075645843	0.273442078	3
YNL007C	0.538450724	1.144776586	0	0	0.268854035	0.195066071	14
YNL010W	0.424712101	1.248387389	0	0	0.371905365	0.320065689	10
YNL014W	0.896244426	1.207862608	0	0	0.047573532	0.27245636	2
YNL015W	0.048426995	5.338521341	0	0	1.314912481	2.416440201	2
YNL016W	0.004000986	1.881237176	0	0	2.397832959	0.911681747	4
YNL035C	0.16845067	1.87098737	0	0	0.773527257	0.90379982	6
YNL036W	0.308206685	0.446282473	0	0	0.511157946	-1.163970947	2
YNL037C	0.078436568	1.485007325	0	0	1.105481419	0.570470047	10
YNL041C	0.180056338	3.381734247	0	0	0.744591586	1.75776329	3
YNL044W	0.64305989	1.100180858	0	0	0.191748578	0.137740707	7
YNL045W	0.204987295	0.324060846	0	0	0.688273056	-1.625663376	9
YNL055C	0.843755456	0.881564088	0	0	0.073783406	-0.18186264	4
YNL059C	0.112977546	2.653553795	0	0	0.947007862	1.407925797	2
YNL061W	0.334291127	1.442348586	0	0	0.47587515	0.528419876	11
YNL062C	0.447501908	1.479425219	0	0	0.349205109	0.565036774	4
YNL064C	0.251069661	1.371503483	0	0	0.600205764	0.455758286	12
YNL067W	0.091420742	1.234197131	0	0	1.038955258	0.303572845	1
YNL069C	0.220695189	1.25490783	0	0	0.656207134	0.327581406	7
YNL071W	0.003317675	3.135905125	0	0	2.479166196	1.648881912	11
YNL074C	0.717353371	0.81710175	0	0	0.144266856	-0.291412354	4
YNL079C	0.22099889	1.45025287	0	0	0.655609908	0.536304474	19
YNL084C	0.924888788	1.044878387	0	0	0.033910485	0.063335037	5
YNL085W	0.975397269	0.988496421	0	0	0.010818465	-0.016692352	6
YNL088W	0.197987575	0.45092774	0	0	0.703362063	-1.14903183	4
YNL096C	0.089142695	1.156573375	0	0	1.049914238	0.209856796	7
YNL098C	0.80762994	1.153487545	0	0	0.09278759	0.206002426	4
YNL102W	0.122747899	1.821760817	0	0	0.910985934	0.865333557	6
YNL104C	0.031393745	1.256035183	0	0	1.503156879	0.328876877	10
YNL108C	0.347189528	0.424675423	0	0	0.459433382	-1.235567474	3
YNL112W	0.004510183	1.670948586	0	0	2.34580586	0.740667343	15
YNL113W	0.100166624	2.99464555	0	0	0.999276964	1.582385254	5
YNL118C	0.016457629	2.056388268	0	0	1.78363273	1.040112686	11
YNL121C	0.346051519	2.036244709	0	0	0.46085924	1.02591095	5
YNL123W	0.122450646	1.745084678	0	0	0.912038918	0.803297043	13
YNL132W	0.06855453	1.93807316	0	0	1.163963844	0.954623032	7
YNL134C	0.006636865	1.673798565	0	0	2.178037021	0.743125916	11
YNL135C	0.028257426	1.321620778	0	0	1.548867405	0.402308273	6
YNL138W	0.290426984	1.975134309	0	0	0.536963035	0.98195076	12
YNL139C	0.13848029	2.488632174	0	0	0.858612036	1.315353012	5
YNL141W	0.199766759	1.326912671	0	0	0.699476776	0.408073425	9
YNL153C	0.276612152	1.975207426	0	0	0.558128744	0.982004166	2
YNL154C	0.32857219	1.744625158	0	0	0.483369198	0.802917099	3
YNL157W	0.190279548	2.940748943	0	0	0.720607888	1.556183624	3
YNL160W	0.570253048	0.740451529	0	0	0.243932384	-0.433522797	6
YNL163C	0.576108274	0.744757003	0	0	0.239495888	-0.42515831	6
YNL166C	0.685350505	0.756474661	0	0	0.164087263	-0.402636337	5
YNL168C	0.179387682	3.423350322	0	0	0.746207383	1.775408936	4
YNL175C	0.05716664	5.294411916	0	0	1.242857335	2.404470444	8
YNL178W	0.012870876	1.66883977	0	0	1.890391896	0.738845444	17
YNL182C	0.894937048	0.955327909	0	0	0.048207513	-0.065932083	8
YNL186W	0.253575952	1.542816094	0	0	0.595891936	0.625566101	4
YNL189W	0.977313574	0.989579883	0	0	0.009966069	-0.015111923	8
YNL191W	0.703909982	0.795830862	0	0	0.152482876	-0.329466248	2
YNL200C	0.055203245	3.465122099	0	0	1.25803539	1.792906189	3
YNL206C	0.719768719	1.136909439	0	0	0.142807031	0.18511734	2
YNL207W	0.698609711	1.216904942	0	0	0.155765382	0.283216476	7
YNL208W	0.639337054	0.875712543	0	0	0.194270124	-0.191470718	5
YNL209W	0.223710906	1.153546106	0	0	0.650312843	0.206075668	2
YNL212W	0.553753859	1.434458556	0	0	0.256683234	0.520506287	5
YNL216W	0.542722762	1.406350629	0	0	0.265421964	0.491956329	6
YNL220W	0.687362826	1.10783369	0	0	0.162813959	0.147741318	10
YNL222W	0.585137384	0.763927588	0	0	0.232742155	-0.388492203	2
YNL229C	0.810490302	1.183974368	0	0	0.091252178	0.243637848	3
YNL231C	0.483118402	2.18003185	0	0	0.31594642	1.124349213	5
YNL232W	0.215812282	1.505576096	0	0	0.665923842	0.590315628	4
YNL239W	0.038086452	1.632419438	0	0	1.419229487	0.707011795	6
YNL241C	0.011899226	1.520214743	0	0	1.924481291	0.604275131	17
YNL243W	0.133032749	1.385423814	0	0	0.876041435	0.470327377	13
YNL244C	0.695244747	1.133656631	0	0	0.157862284	0.180983734	6
YNL247W	0.016624456	1.62039198	0	0	1.779252553	0.69634285	27
YNL248C	0.548746659	0.543554987	0	0	0.260628111	-0.879502106	4
YNL255C	0.964226521	1.021166507	0	0	0.015820928	0.030218124	7
YNL256W	0.229434166	1.168665381	0	0	0.639341909	0.224861908	2
YNL262W	0.498943713	2.004556817	0	0	0.301948445	1.00328331	3
YNL272C	0.925733702	1.066398276	0	0	0.033513925	0.092746353	2
YNL274C	0.085937743	4.35192171	0	0	1.065816059	2.121652603	5
YNL281W	0.318518243	1.47210521	0	0	0.496865689	0.557880783	6
YNL287W	0.281304634	1.285099881	0	0	0.550823113	0.361880493	20
YNL292W	0.726963234	1.492869044	0	0	0.138487553	0.578087616	7
YNL298W	0.944295705	1.025775983	0	0	0.024891985	0.036715698	3
YOL120C;YNL301C	0.297503466	1.171379492	0	0	0.52650797	0.228208542	9
YOL121C;YNL302C	0.024744264	1.334587636	0	0	1.606525456	0.416394043	11
YNL307C	0.734529103	1.413235303	0	0	0.133990992	0.499001694	9
YNL308C	0.164864932	2.499772491	0	0	0.782871712	1.321796799	7
YNL312W	0.075943973	9.6257154	0	0	1.119506685	3.266893768	3
YNL313C	0.514456554	1.216621176	0	0	0.288651296	0.28288002	14
YNL315C	0.052723178	4.903626793	0	0	1.277998423	2.293849182	5
YNR001C	0.000895207	1.666310147	0	0	3.048076335	0.736656952	6
YNR003C	0.050365847	2.929562278	0	0	1.29786386	1.55068512	1
YNR012W	0.414404028	1.639990999	0	0	0.382576032	0.713687897	1
YNR016C	0.032622596	1.318709875	0	0	1.486481484	0.399127197	79
YNR023W	0.209388241	0.206881049	0	0	0.679047711	-2.273126602	2
YNR027W	0.219785975	1.415080244	0	0	0.658000024	0.500883865	2
YNR033W	0.060744734	2.441546505	0	0	1.216491364	1.287795258	1
YNR034W	0.645992233	1.217989137	0	0	0.189772704	0.284501266	3
YNR035C	0.46318938	1.26229147	0	0	0.334241407	0.336045074	9
YNR036C	0.014329479	3.645661012	0	0	1.843769611	1.86618042	2
YNR038W	0.436976055	1.234445827	0	0	0.35954236	0.303863525	6
YNR043W	0.175021575	1.194095416	0	0	0.756908413	0.255918121	9
YNR046W	0.892256184	0.941531062	0	0	0.049510433	-0.086919403	2
YNR050C	0.79058387	0.947575081	0	0	0.10205205	-0.077687836	19
YNR051C	0.283791548	1.462916656	0	0	0.547000543	0.54884758	3
YNR053C	0.059674435	2.671292712	0	0	1.224211685	1.417538071	6
YNR054C	0.59669968	0.791007766	0	0	0.224244195	-0.338236237	2
YNR067C	0.85698219	1.083610481	0	0	0.067028204	0.115846252	2
YOL004W	0.097280555	3.513168445	0	0	1.011973962	1.812772751	7
YOL005C	0.75889363	1.221479722	0	0	0.119819093	0.288629913	3
YOL012C	0.06574113	4.464291536	0	0	1.182162838	2.158431244	2
YOL021C	0.799187721	1.069404937	0	0	0.097351197	0.096808243	12
YOL022C	0.21734636	1.521499169	0	0	0.662847628	0.605493546	4
YOL027C	0.482790641	1.208816962	0	0	0.316241157	0.27359581	1
YOL031C	0.266936784	0.491133224	0	0	0.573591575	-1.025813675	2
YOL038W	0.300959488	1.106053829	0	0	0.52149196	0.1454216	8
YOL039W	0.000725345	1.514334914	0	0	3.139455133	0.598684311	4
YOL040C	0.760217302	1.112775528	0	0	0.119062251	0.154162598	3
YOL041C	0.158299168	2.193028059	0	0	0.800521367	1.132924271	5
YOL049W	0.082087145	1.484659863	0	0	1.08572485	0.570132446	7
YOL052C	0.123108763	2.817736277	0	0	0.909711033	1.494536591	4
YOL056W	0.428252746	1.726679245	0	0	0.368299843	0.788000107	2
YOL057W	0.12862259	1.631876531	0	0	0.89068275	0.706531906	7
YOL058W	0.24819499	1.425445054	0	0	0.60520699	0.51141243	12
YOL059W	0.998349296	0.999382518	0	0	0.000717484	-0.000891113	7
YOL061W	0.038442059	1.555621247	0	0	1.415193357	0.637490845	8
YOL064C	0.977777327	1.014360699	0	0	0.009760037	0.020570755	5
YOL077C	0.034205463	3.323494833	0	0	1.465904532	1.732701111	7
YOL086C	0.005602021	1.264497602	0	0	2.251655258	0.338564301	13
YOL090W	0.047274572	1.498009844	0	0	1.325372396	0.583047104	4
YOL094C	0.58744698	1.150563267	0	0	0.231031325	0.202340317	3
YOL097C	0.609642002	0.895108473	0	0	0.214925119	-0.15986557	13
YOL098C	0.229179698	1.65840614	0	0	0.639823858	0.729797363	8
YOL109W	0.060602981	2.065689782	0	0	1.217506014	1.046623611	10
YOL111C	0.001759899	1.825005546	0	0	2.754512169	0.867900848	6
YOL123W	0.821778153	0.932119387	0	0	0.085245409	-0.101413345	6
YOL124C	0.157241872	2.962361419	0	0	0.803431794	1.566747665	3
YOL126C	0.829063156	0.922048865	0	0	0.081412385	-0.117084885	7
YOL127W	0.002081703	1.659042097	0	0	2.68158122	0.730350494	6
YOL133W	0.02455159	3.470513717	0	0	1.609920377	1.795149231	2
YOL139C	0.075103376	3.531443341	0	0	1.124340538	1.82025795	8
YOL140W	0.373992811	1.238424581	0	0	0.427136746	0.308506012	2
YOL142W	0.351436128	0.526436587	0	0	0.454153595	-0.925668335	1
YOL143C	0.62053696	1.136650037	0	0	0.207232346	0.184788132	4
YOL144W	0.750082885	1.205952969	0	0	0.124890744	0.270173645	3
YOL145C	0.357374429	3.752140106	0	0	0.446876526	1.907713699	4
YOL149W	0.056565323	1.385650955	0	0	1.247449727	0.470563889	1
YOL151W	0.19291216	1.725470243	0	0	0.714640396	0.786989594	11
YOR001W	0.267210843	1.888970104	0	0	0.573145923	0.917599869	3
YOR007C	0.011324154	1.479003585	0	0	1.94599425	0.564625549	16
YOR008C	0.001090878	3.189511027	0	0	2.962223895	1.673335266	1
YOR014W	0.409510197	2.148748379	0	0	0.38773528	1.103496552	2
YOR020C	0.000941973	2.843778437	0	0	3.025961403	1.507809067	6
YOR021C	0.00128289	1.388699708	0	0	2.891810548	0.473734665	7
YOR027W	0.118351225	1.425981873	0	0	0.926827244	0.511955643	32
YOR039W	0.051014493	1.305727755	0	0	1.292306421	0.384854126	1
YOR042W	0.739865485	1.333083431	0	0	0.130847232	0.414767075	5
YOR046C	0.008146408	1.51394136	0	0	2.089033824	0.598309326	12
YOR048C	0.060126674	3.369809968	0	0	1.220932818	1.752667236	3
YOR051C	0.514502345	1.40550676	0	0	0.288612642	0.491090393	5
YOR052C	0.140010122	0.498339595	0	0	0.853840566	-1.004798889	2
YOR056C	0.2929541	2.162180026	0	0	0.53320042	1.112486649	4
YOR057W	0.934875909	0.960684915	0	0	0.029246031	-0.057864761	4
YOR061W	0.344919024	1.776907042	0	0	0.462282851	0.82936821	5
YOR063W	0.001979802	1.690284666	0	0	2.703378347	0.757266235	25
YOR069W	0.111539308	1.53230672	0	0	0.952572054	0.615705109	2
YOR074C	0.075971668	2.433733947	0	0	1.119348339	1.283171463	6
YOR091W	0.680637545	0.841243346	0	0	0.167084099	-0.249404907	3
YOR095C	0.543199674	1.190348779	0	0	0.265040499	0.251384354	7
YOR096W	0.030468523	1.197527657	0	0	1.516148605	0.260058975	6
YOR098C	0.57291297	0.738144657	0	0	0.241911346	-0.438024521	4
YOR099W	0.724427475	1.453946529	0	0	0.140005087	0.539974213	4
YOR108W	0.406970479	1.225780935	0	0	0.390437093	0.293701172	4
YOR109W;YNL106C	0.546333254	1.180222351	0	0	0.262542365	0.239058685	7
YOR111W	0.800984707	0.858329552	0	0	0.096375776	-0.220396423	2
YOR112W	0.09740232	1.70196979	0	0	1.011430696	0.767205429	3
YOR116C	0.266819007	2.392937903	0	0	0.573783237	1.258782959	3
YOR117W	0.310308037	1.549395931	0	0	0.508206975	0.631705856	10
YOR120W	0.371422978	0.263100281	0	0	0.430131233	-1.926315308	1
YOR122C	0.756735675	1.348374988	0	0	0.121055792	0.431221771	4
YOR128C	0.305804344	1.438250789	0	0	0.514556349	0.524315262	12
YOR136W	0.027441351	1.79152579	0	0	1.561594507	0.841188812	10
YOR142W	0.035535679	1.438400633	0	0	1.449335384	0.524465561	10
YOR143C	0.758035521	1.198375929	0	0	0.120310443	0.261080551	2
YOR145C	0.003402719	6.847330682	0	0	2.468173887	2.775541687	6
YOR151C	0.008416043	2.442401403	0	0	2.074892073	1.288300323	17
YOR153W;YDR406W	0.888970932	0.903276413	0	0	0.05111244	-0.146760559	5
YOR157C	0.178382388	1.173285881	0	0	0.748648026	0.230554581	3
YOR158W	0.000834248	4.823272377	0	0	3.0787049	2.270012283	2
YOR160W	0.323559971	0.539260326	0	0	0.490045212	-0.890946198	4
YOR163W	0.860138763	0.924078808	0	0	0.06543148	-0.113912201	5
YOR168W	0.176156349	1.407305145	0	0	0.754101699	0.492935181	32
YOR176W	0.282748958	1.564659623	0	0	0.548598987	0.645848846	4
YOR184W	0.025793794	1.54961103	0	0	1.588484777	0.631906128	12
YOR187W	0.043471997	10.53425325	0	0	1.361790407	3.397016144	11
YOR194C	0.470147269	1.88894563	0	0	0.327766082	0.917581177	1
YOR195W	0.08192107	2.451924258	0	0	1.086604386	1.293914413	3
YOR196C	0.000207167	6.739851606	0	0	3.683679136	2.752716827	3
YOR197W	0.333071789	1.381412132	0	0	0.47746215	0.466143799	4
YOR198C	0.121741114	1.475917745	0	0	0.91456273	0.56161232	16
YOR204W;YPL119C	0.000808091	1.894599026	0	0	3.092539497	0.921892548	21
YOR206W	0.277848952	1.509873298	0	0	0.556191237	0.59442749	7
YOR207C	0.289300749	0.532818049	0	0	0.538650442	-0.908285141	4
YOR209C	0.088080106	1.377488552	0	0	1.055122171	0.462040329	13
YOR210W	0.816168349	1.058774367	0	0	0.088220251	0.082395172	1
YOR217W	0.595384226	1.328369168	0	0	0.225202675	0.409656143	5
YOR220W	0.019887026	9.303454906	0	0	1.701430154	3.217766571	6
YOR224C	0.064513404	3.717454171	0	0	1.190350042	1.894314957	3
YOR229W	0.05470068	3.098532954	0	0	1.262007277	1.631585312	2
YOR230W	0.454069692	1.154621173	0	0	0.342877485	0.207419586	15
YOR232W	0.002606959	2.535631414	0	0	2.58386583	1.342345047	9
YOR234C	0.975937068	0.987330079	0	0	0.010578186	-0.018395615	1
YOR239W	0.080493561	2.334284034	0	0	1.094238859	1.222980118	7
YOR241W	0.182768553	1.384912883	0	0	0.738098528	0.469795227	6
YOR243C	0.000560995	2.524688412	0	0	3.251040996	1.336105347	8
YOR251C	0.144399724	1.529042551	0	0	0.840433637	0.612628555	8
YOR252W	0.272176584	1.826356727	0	0	0.565149241	0.868968582	2
YOR253W	0.037354539	4.532048162	0	0	1.427656619	2.180163193	2
YOR259C	0.025869744	2.354762551	0	0	1.587207861	1.235581589	6
YOR260W	0.292424323	0.692256347	0	0	0.533986507	-0.530621719	7
YOR261C	0.115348582	2.021593613	0	0	0.937987742	1.015493011	7
YOR265W	0.10951045	4.189290953	0	0	0.960544437	2.066706085	7
YOR267C	0.538035471	0.678735691	0	0	0.269189092	-0.559078217	5
YOR270C	0.100497502	2.820036442	0	0	0.997844734	1.495713806	3
YOR272W	0.999117597	1.000698563	0	0	0.000383392	0.001007462	10
YOR276W	0.118622982	2.213491412	0	0	0.925831162	1.146323776	5
YOR280C	0.349096608	1.709623887	0	0	0.457054371	0.77367897	3
YOR281C	0.837806112	1.199108435	0	0	0.076856476	0.261962128	2
YOR283W	0.054889055	6.018939023	0	0	1.260514249	2.589509201	6
YOR285W	0.919314237	1.093858841	0	0	0.036536014	0.129426575	4
YOR286W	0.075035765	3.306149184	0	0	1.124731684	1.725151825	4
YOR290C	0.238007401	1.690993655	0	0	0.623409539	0.757871246	3
YOR294W	0.134456785	2.676227441	0	0	0.871417277	1.420200729	3
YOR298C-A	0.023352083	1.636908135	0	0	1.631674369	0.710973358	7
YOR303W	0.814921576	1.048339555	0	0	0.088884184	0.068106079	12
YOR310C	0.173127637	1.231175014	0	0	0.761633598	0.300035858	10
YOR317W	0.021971623	1.818073766	0	0	1.658137859	0.862410736	12
YOR323C	0.169119002	1.481410623	0	0	0.771807592	0.566971588	18
YOR326W	0.09887944	1.449922741	0	0	1.004894	0.535976028	19
YOR327C	0.841425038	0.824677358	0	0	0.074984569	-0.278098297	1
YOR332W	0.0121628	1.463252451	0	0	1.914966422	0.549178696	14
YOR335C	0.142417058	1.166584801	0	0	0.846437991	0.222291183	36
YOR340C	0.633021303	1.47282627	0	0	0.198581674	0.558587265	6
YOR341W	0.355828408	1.12337457	0	0	0.448759382	0.16783905	24
YOR347C	0.364722701	2.554313833	0	0	0.438037205	1.352935791	6
YOR354C	0.000251341	6.925499756	0	0	3.599735875	2.791918182	4
YOR361C	0.004086531	1.863912482	0	0	2.388645185	0.898334122	17
YOR362C	0.155091511	2.447777194	0	0	0.809411972	1.291472244	8
YOR367W	0.951679191	1.023197118	0	0	0.021509427	0.033084106	2
YOR369C	0.003115352	1.625941819	0	0	2.506492822	0.701275635	6
YOR370C	0.356291043	0.545798103	0	0	0.448195096	-0.873560715	6
YOR374W	0.021681018	1.673158721	0	0	1.663920332	0.74257431	15
YOR375C;YAL062W	0.014978499	1.352353662	0	0	1.824531707	0.435472488	20
YPL004C	0.491708048	1.191977757	0	0	0.308292684	0.253357315	8
YPL009C	0.70157584	1.120096216	0	0	0.153925375	0.163622665	6
YPL010W	0.08433465	0.506157617	0	0	1.073993951	-0.982341385	2
YPL012W	0.050283505	4.707753419	0	0	1.298574461	2.235038757	3
YPL023C	0.389761345	1.912456713	0	0	0.409201234	0.935427094	4
YPL028W	0.001059745	1.513258988	0	0	2.974798675	0.59765892	18
YPL032C	0.309381451	1.482487425	0	0	0.509505728	0.568019867	5
YPL037C	0.115326514	2.011744747	0	0	0.938070833	1.008447266	5
YPL040C	0.080863994	3.253388717	0	0	1.092244811	1.701943207	3
YPL048W	0.014650384	1.64520596	0	0	1.834151006	0.718268204	12
YPL049C	0.137636937	0.334854631	0	0	0.861265002	-1.578393173	2
YPL059W	0.830944517	0.892023002	0	0	0.080427974	-0.164847183	3
YPL061W	0.000709563	1.405769904	0	0	3.14900914	0.491360474	34
YPL067C	0.518277011	0.665750148	0	0	0.285438055	-0.58694725	2
YPL079W	0.045099044	0.212817227	0	0	1.345832664	-2.232313156	1
YPL084W	0.177013528	1.24520705	0	0	0.751993541	0.316385651	4
YPL085W	0.341483287	0.507872271	0	0	0.466630547	-0.977462387	8
YPL086C	0.992905145	1.004133388	0	0	0.003092239	0.005950928	9
YPL091W	0.65425621	1.107474912	0	0	0.184252146	0.147274017	12
YPL093W	0.130779165	1.639532275	0	0	0.883461441	0.713284302	18
YPL105C	0.921706172	1.083598447	0	0	0.035407505	0.115830231	3
YPL106C	0.067644413	1.310486058	0	0	1.16976807	0.390102005	32
YPL111W	0.138372576	1.477106938	0	0	0.858949975	0.562774277	8
YPL117C	0.0959315	1.879935861	0	0	1.018038763	0.910683441	10
YPL118W	0.171004898	2.008610903	0	0	0.766991451	1.00619812	2
YPL120W	0.64155497	0.487177386	0	0	0.192766126	-1.037480927	1
YPL126W	0.776645989	0.898381571	0	0	0.109776897	-0.154599762	7
YPL127C	0.003276842	2.041570103	0	0	2.484544461	1.029679108	5
YPL129W	0.016728507	9.94505756	0	0	1.77654282	3.313979721	4
YPL131W	0.03619079	1.531811284	0	0	1.441401933	0.615238571	9
YPL143W	0.052248983	1.238302118	0	0	1.281922157	0.308363342	1
YPL145C	0.280485652	1.302340386	0	0	0.552089349	0.381106567	14
YPL146C	0.041109723	2.650943581	0	0	1.386055452	1.406505966	7
YPL154C	0.175361055	1.952465337	0	0	0.756066849	0.965296936	10
YPL160W	0.001396157	1.451553793	0	0	2.85506584	0.537598038	38
YPL169C	0.887099793	0.883001612	0	0	0.052027522	-0.179512024	4
YPL183C	0.732740805	0.840684769	0	0	0.135049622	-0.250363159	7
YPL184C	0.878577687	0.929954483	0	0	0.056219831	-0.10476799	2
YPL190C	0.065202664	4.8739073	0	0	1.185734662	2.285078812	5
YPL195W	0.183844984	2.262664631	0	0	0.735548214	1.178022766	2
YPL204W;YER123W	0.635609515	1.217818782	0	0	0.19680961	0.284299469	2
YPL210C	0.001345457	2.071831065	0	0	2.871130177	1.050906372	9
YPL211W	0.218809757	2.123540402	0	0	0.659933316	1.086471558	3
YPL212C	0.16478884	2.648419267	0	0	0.783072203	1.405131531	8
YPL217C	0.350009507	1.956536676	0	0	0.455920159	0.968302155	3
YPL218W	0.139756431	1.553418085	0	0	0.854628199	0.635446167	7
YPL225W	0.06972112	1.394681268	0	0	1.156635642	0.479935455	8
YPL226W	0.010338931	1.652250869	0	0	1.985524357	0.724432755	31
YPL228W	0.110705493	3.296753606	0	0	0.955830831	1.721046066	5
YPL231W	0.000414397	1.422305852	0	0	3.382583739	0.508231735	86
YPL235W	0.427085535	1.264827984	0	0	0.369485137	0.338941193	5
YPL237W	0.010283256	1.419966689	0	0	1.987869357	0.505857086	14
YPL239W	0.069271135	5.590986256	0	0	1.159447696	2.483102798	5
YPL240C	0.000388902	2.72967453	0	0	3.410160234	1.448728943	8
YPL243W	0.211215371	1.584616197	0	0	0.675274479	0.664133453	11
YPL249C-A	0.95133823	0.959491259	0	0	0.021665051	-0.059658432	2
YPL260W	0.136077591	1.442659061	0	0	0.866213389	0.528730392	9
YPL262W	0.015385164	1.589376	0	0	1.812897876	0.668460464	12
YPL263C	0.832860628	1.177406181	0	0	0.079427668	0.235612106	4
YPL265W	0.711447079	0.545967702	0	0	0.147857399	-0.873112488	2
YPL266W	0.102409632	1.388006988	0	0	0.989659193	0.473014832	4
YPL271W	0.424596084	0.623802988	0	0	0.372024016	-0.680837631	2
YPL273W;YMR321C	0.120836529	1.327552084	0	0	0.917801756	0.408768463	10
YPR004C	0.023766456	2.610120411	0	0	1.624035573	1.384116364	7
YPR010C	0.385232256	1.299778132	0	0	0.414277356	0.378265381	18
YPR016C	0.087487544	2.394460097	0	0	1.058053777	1.259700394	4
YPR019W	0.942985752	0.946484301	0	0	0.025494869	-0.079349518	8
YPR028W	0.407496861	0.698954411	0	0	0.389875732	-0.516729736	3
YPR029C	0.642727437	1.334773619	0	0	0.19197316	0.416595078	3
YPR033C	0.04281695	1.368982514	0	0	1.368384272	0.453104019	20
YPR034W	0.388640611	1.405491523	0	0	0.41045182	0.491074753	2
YPR035W	0.210994034	1.706871314	0	0	0.675729825	0.771354294	7
YPR036W	0.363600801	1.187155569	0	0	0.439375168	0.247509003	12
YPR040W	0.165924673	2.477595222	0	0	0.780089031	1.308940506	2
YPR041W	0.064605505	1.465156103	0	0	1.189730476	0.551054382	13
YPR042C	0.04106626	2.28272427	0	0	1.386514843	1.190756607	2
YPR052C	0.093494013	1.45366937	0	0	1.029216197	0.539699173	1
YPR060C	0.286342566	1.11864267	0	0	0.543114088	0.161749268	5
YPR062W	0.079272295	2.662422559	0	0	1.100878566	1.412739563	5
YPR069C	0.673456867	0.923804455	0	0	0.171690214	-0.114340591	12
YPR072W	0.086822942	1.272338284	0	0	1.061365501	0.3474823	4
YPR073C	0.132515734	1.976502045	0	0	0.877732553	0.982949448	2
YPR074C	0.314179861	1.147313865	0	0	0.502821657	0.198260117	27
YPR088C	0.796736866	1.246152689	0	0	0.098685087	0.31748085	4
YPR089W	0.497090385	1.275489098	0	0	0.303564637	0.351050568	1
YPR103W	0.369235499	0.711039924	0	0	0.432696551	-0.491997528	4
YPR108W	0.544801406	1.057091773	0	0	0.26376178	0.080100632	10
YPR110C	0.237581658	1.413940613	0	0	0.624187091	0.499721527	8
YPR112C	0.845465385	1.121890071	0	0	0.072904169	0.16593132	4
YPR118W	0.052954458	1.741270092	0	0	1.276097472	0.800139999	7
YPR127W	0.029071601	4.200460456	0	0	1.536531046	2.070547485	2
YPR129W	0.068514149	3.283217663	0	0	1.16421973	1.715110397	3
YPR133C	0.086411163	2.782255003	0	0	1.063430151	1.476254654	7
YPR135W	0.904844911	0.904856283	0	0	0.043425852	-0.144239426	7
YPR143W	0.402852724	1.202457472	0	0	0.394853695	0.26598587	2
YPR145W	0.756653025	1.107721212	0	0	0.121103228	0.147594833	11
YPR148C	0.110650239	1.525585646	0	0	0.956047645	0.609363174	8
YPR154W	0.023582652	4.810035923	0	0	1.627407357	2.266047668	2
YPR159W	0.315057619	2.367531776	0	0	0.501610013	1.243383789	3
YPR163C	0.005341584	1.433031611	0	0	2.272329952	0.519070435	20
YPR169W	0.14987479	1.542810383	0	0	0.824271412	0.62556076	3
YPR172W	0.200981858	1.669998053	0	0	0.696843143	0.73984642	3
YPR173C	0.104243913	2.432558529	0	0	0.981949295	1.282474518	2
YPR180W	0.070413816	1.586726406	0	0	1.152342121	0.666053391	3
YPR181C	0.003666798	1.777227972	0	0	2.435713026	0.829628754	18
YPR183W	0.041143251	1.750933341	0	0	1.385701392	0.808124161	2
YPR187W	0.326258881	2.652655148	0	0	0.486437658	1.407437134	1
YPR188C	0.592990242	1.364555444	0	0	0.226952453	0.448431015	4
YPR189W	0.190333025	1.796026427	0	0	0.72048585	0.844808578	8
YPR190C	0.199022109	1.402539777	0	0	0.701098676	0.488041687	7
YPR191W	0.892575776	1.04517101	0	0	0.049354904	0.063739014	11
